insert into public.stock_infosys (date, open, high, low, close, volume, vwap, typicalprice, sma_5, sma_10, sma_15, sma_50, sma_100, sma_200, ema_5, ema_10, ema_15, ema_50, ema_100, ema_200, rsi_14, rsi_30, macdline, signalline, upperband, middleband, lowerband, stochastic, sma_20volume, voldevnorm)
values  ('2024-08-20', 1880.0500, 1885.7000, 1868.3500, 1873.5000, 70074, 1875.8500, 1875.8500, 0.0000, 0.0000, 0.0000, 0.0000, 0.0000, 0.0000, 0.0000, 0.0000, 0.0000, 0.0000, 0.0000, 0.0000, 0.0000, 0.0000, 0.0000, 0.0000, 0.0000, 0.0000, 0.0000, 0.0000, 0.0000, 0.000),
        ('2024-08-21', 1874.0000, 1879.9500, 1866.6500, 1872.2500, 86735, 1874.2459, 1872.9500, 0.0000, 0.0000, 0.0000, 0.0000, 0.0000, 0.0000, 0.0000, 0.0000, 0.0000, 0.0000, 0.0000, 0.0000, 0.0000, 0.0000, 0.0000, 0.0000, 0.0000, 0.0000, 0.0000, 0.0000, 0.0000, 0.000),
        ('2024-08-22', 1882.3500, 1893.3000, 1869.9000, 1879.9500, 81706, 1876.5767, 1881.0500, 0.0000, 0.0000, 0.0000, 0.0000, 0.0000, 0.0000, 0.0000, 0.0000, 0.0000, 0.0000, 0.0000, 0.0000, 0.0000, 0.0000, 0.0000, 0.0000, 0.0000, 0.0000, 0.0000, 0.0000, 0.0000, 0.000),
        ('2024-08-23', 1878.9500, 1880.2500, 1856.5500, 1862.3500, 322603, 1870.7163, 1866.3833, 0.0000, 0.0000, 0.0000, 0.0000, 0.0000, 0.0000, 0.0000, 0.0000, 0.0000, 0.0000, 0.0000, 0.0000, 0.0000, 0.0000, 0.0000, 0.0000, 0.0000, 0.0000, 0.0000, 0.0000, 0.0000, 0.000),
        ('2024-08-26', 1870.0000, 1888.3500, 1866.7500, 1875.9500, 120624, 1871.8310, 1877.0167, 1872.8000, 0.0000, 0.0000, 0.0000, 0.0000, 0.0000, 1872.8000, 0.0000, 0.0000, 0.0000, 0.0000, 0.0000, 0.0000, 0.0000, 0.0000, 0.0000, 0.0000, 0.0000, 0.0000, 0.0000, 0.0000, 0.000),
        ('2024-08-27', 1881.7000, 1902.0000, 1874.0000, 1900.1500, 130940, 1875.0887, 1892.0500, 1878.1300, 0.0000, 0.0000, 0.0000, 0.0000, 0.0000, 1881.9167, 0.0000, 0.0000, 0.0000, 0.0000, 0.0000, 0.0000, 0.0000, 0.0000, 0.0000, 0.0000, 0.0000, 0.0000, 0.0000, 0.0000, 0.000),
        ('2024-08-28', 1904.5000, 1950.2000, 1896.9000, 1939.2000, 336061, 1890.7920, 1928.7667, 1891.5200, 0.0000, 0.0000, 0.0000, 0.0000, 0.0000, 1901.0111, 0.0000, 0.0000, 0.0000, 0.0000, 0.0000, 0.0000, 0.0000, 0.0000, 0.0000, 0.0000, 0.0000, 0.0000, 0.0000, 0.0000, 0.000),
        ('2024-08-29', 1935.0000, 1950.0000, 1920.6000, 1932.4000, 171353, 1896.4438, 1934.3333, 1902.0100, 0.0000, 0.0000, 0.0000, 0.0000, 0.0000, 1911.4741, 0.0000, 0.0000, 0.0000, 0.0000, 0.0000, 0.0000, 0.0000, 0.0000, 0.0000, 0.0000, 0.0000, 0.0000, 0.0000, 0.0000, 0.000),
        ('2024-08-30', 1943.9000, 1950.0000, 1928.1500, 1943.3000, 219394, 1902.7199, 1940.4833, 1918.2000, 0.0000, 0.0000, 0.0000, 0.0000, 0.0000, 1922.0827, 0.0000, 0.0000, 0.0000, 0.0000, 0.0000, 0.0000, 0.0000, 0.0000, 0.0000, 0.0000, 0.0000, 0.0000, 0.0000, 0.0000, 0.000),
        ('2024-09-02', 1943.0000, 1975.0500, 1942.9500, 1964.1000, 151346, 1907.9097, 1960.7000, 1935.8300, 1904.3150, 0.0000, 0.0000, 0.0000, 0.0000, 1936.0885, 1904.3150, 0.0000, 0.0000, 0.0000, 0.0000, 0.0000, 0.0000, 0.0000, 0.0000, 0.0000, 0.0000, 0.0000, 0.0000, 0.0000, 0.000),
        ('2024-09-03', 1964.9000, 1965.0000, 1936.0000, 1940.2000, 103637, 1910.1712, 1947.0667, 1943.8400, 1910.9850, 0.0000, 0.0000, 0.0000, 0.0000, 1937.4590, 1910.8395, 0.0000, 0.0000, 0.0000, 0.0000, 0.0000, 0.0000, 0.0000, 0.0000, 0.0000, 0.0000, 0.0000, 0.0000, 0.0000, 0.000),
        ('2024-09-04', 1907.6000, 1928.2000, 1900.7500, 1922.0500, 105955, 1910.5519, 1917.0000, 1940.4100, 1915.9650, 0.0000, 0.0000, 0.0000, 0.0000, 1932.3227, 1912.8778, 0.0000, 0.0000, 0.0000, 0.0000, 0.0000, 0.0000, 0.0000, 0.0000, 0.0000, 0.0000, 0.0000, 0.0000, 0.0000, 0.000),
        ('2024-09-05', 1923.1500, 1938.9000, 1910.0500, 1933.0000, 94075, 1911.3426, 1927.3167, 1940.5300, 1921.2700, 0.0000, 0.0000, 0.0000, 0.0000, 1932.5484, 1916.5364, 0.0000, 0.0000, 0.0000, 0.0000, 0.0000, 0.0000, 0.0000, 0.0000, 0.0000, 0.0000, 0.0000, 0.0000, 0.0000, 0.000),
        ('2024-09-06', 1931.1500, 1935.9000, 1896.7000, 1902.2000, 274994, 1911.3738, 1911.6000, 1932.3100, 1925.2550, 0.0000, 0.0000, 0.0000, 0.0000, 1922.4323, 1913.9298, 0.0000, 0.0000, 0.0000, 0.0000, 0.0000, 0.0000, 0.0000, 0.0000, 0.0000, 0.0000, 0.0000, 38.5232, 0.0000, 0.000),
        ('2024-09-09', 1885.0500, 1920.5000, 1885.0500, 1894.7000, 221300, 1910.3707, 1900.0833, 1918.4300, 1927.1300, 1909.0200, 0.0000, 0.0000, 0.0000, 1913.1882, 1910.4335, 1909.0200, 0.0000, 0.0000, 0.0000, 54.5455, 0.0000, 0.0000, 0.0000, 0.0000, 0.0000, 0.0000, 32.1941, 0.0000, 0.000),
        ('2024-09-10', 1905.0000, 1935.0000, 1896.6000, 1912.9000, 162880, 1910.6446, 1914.8333, 1912.9700, 1928.4050, 1911.6467, 0.0000, 0.0000, 0.0000, 1913.0921, 1910.8819, 1909.5050, 0.0000, 0.0000, 0.0000, 58.1251, 0.0000, 0.0000, 0.0000, 0.0000, 0.0000, 0.0000, 47.5527, 0.0000, 0.000),
        ('2024-09-11', 1913.0000, 1926.0000, 1904.8500, 1910.8000, 165928, 1910.8352, 1913.8833, 1910.7200, 1925.5650, 1914.2167, 0.0000, 0.0000, 0.0000, 1912.3281, 1910.8670, 1909.6669, 0.0000, 0.0000, 0.0000, 56.3075, 0.0000, 0.0000, 0.0000, 0.0000, 0.0000, 0.0000, 45.7806, 0.0000, 0.000),
        ('2024-09-12', 1921.2500, 1956.0000, 1910.8000, 1950.3500, 211482, 1912.8038, 1939.0500, 1914.1900, 1927.3600, 1918.9100, 0.0000, 0.0000, 0.0000, 1925.0021, 1918.0457, 1914.7523, 0.0000, 0.0000, 0.0000, 66.5103, 0.0000, 0.0000, 0.0000, 0.0000, 0.0000, 0.0000, 77.1930, 0.0000, 0.000),
        ('2024-09-13', 1950.3500, 1958.7000, 1935.4500, 1944.3000, 300090, 1915.8078, 1946.1500, 1922.6100, 1927.4600, 1924.3733, 0.0000, 0.0000, 0.0000, 1931.4347, 1922.8192, 1918.4457, 0.0000, 0.0000, 0.0000, 63.1975, 0.0000, 0.0000, 0.0000, 0.0000, 0.0000, 0.0000, 69.5695, 0.0000, 0.000),
        ('2024-09-16', 1940.2500, 1952.0000, 1932.4500, 1949.7500, 123161, 1916.8391, 1944.7333, 1933.6200, 1926.0250, 1929.2933, 0.0000, 0.0000, 0.0000, 1937.5398, 1927.7157, 1922.3588, 0.0000, 0.0000, 0.0000, 60.3247, 0.0000, 0.0000, 0.0000, 1975.6972, 1915.1700, 1854.6428, 71.8889, 172716.9000, 0.000),
        ('2024-09-17', 1949.7500, 1958.2000, 1942.4500, 1952.6500, 70650, 1918.3711, 1951.1000, 1941.5700, 1927.2700, 1932.7933, 0.0000, 0.0000, 0.0000, 1942.5765, 1932.2492, 1926.1452, 0.0000, 0.0000, 0.0000, 53.2958, 0.0000, 0.0000, 0.0000, 1978.5797, 1919.1275, 1859.6753, 75.1111, 172745.7000, 0.000),
        ('2024-09-18', 1940.0000, 1940.0000, 1882.0000, 1892.3500, 269091, 1918.4489, 1904.7833, 1937.8800, 1924.3000, 1929.6700, 0.0000, 0.0000, 0.0000, 1925.8344, 1924.9948, 1921.9208, 0.0000, 0.0000, 0.0000, 42.2248, 0.0000, 0.0000, 0.0000, 1977.0045, 1920.1325, 1863.2605, 11.1231, 181863.5000, 0.000),
        ('2024-09-19', 1918.5000, 1924.2000, 1878.2500, 1894.1500, 260296, 1917.9139, 1898.8667, 1926.6400, 1920.4150, 1927.1200, 0.0000, 0.0000, 0.0000, 1915.2729, 1919.3867, 1918.4494, 0.0000, 0.0000, 0.0000, 40.1087, 0.0000, 0.0000, 0.0000, 1976.0195, 1920.8425, 1865.6655, 16.4256, 190793.0000, 0.000),
        ('2024-09-20', 1911.2500, 1915.0000, 1866.9500, 1906.1000, 898237, 1917.2205, 1896.0167, 1919.0000, 1920.8050, 1924.6400, 0.0000, 0.0000, 0.0000, 1912.2153, 1916.9709, 1916.9057, 0.0000, 0.0000, 0.0000, 37.8965, 0.0000, 0.0000, 0.0000, 1971.8619, 1923.0300, 1874.1981, 39.9286, 219574.7000, 0.000),
        ('2024-09-23', 1908.5500, 1918.0000, 1879.0000, 1897.0000, 173160, 1917.5629, 1898.0000, 1908.4500, 1921.0350, 1920.1667, 0.0000, 0.0000, 0.0000, 1907.1435, 1913.3398, 1914.4175, 0.0000, 0.0000, 0.0000, 40.3915, 0.0000, 0.0000, 0.0000, 1969.6054, 1924.0825, 1878.5596, 32.7520, 222201.5000, 0.000),
        ('2024-09-24', 1885.0000, 1910.0000, 1871.0500, 1897.8000, 114447, 1917.6812, 1892.9500, 1897.4800, 1919.5250, 1917.3400, 0.0000, 0.0000, 0.0000, 1904.0290, 1910.5144, 1912.3403, 0.0000, 0.0000, 0.0000, 44.1552, 0.0000, -1.8561, 0.0000, 1969.7458, 1923.9650, 1878.1842, 33.6240, 221376.8500, 0.000),
        ('2024-09-25', 1893.4500, 1901.0000, 1877.4000, 1896.0000, 68854, 1916.3519, 1891.4667, 1898.2100, 1918.0450, 1915.6033, 0.0000, 0.0000, 0.0000, 1901.3527, 1907.8754, 1910.2978, 0.0000, 0.0000, 0.0000, 40.6707, 0.0000, -2.9434, 0.0000, 1968.5725, 1921.8050, 1875.0375, 31.6621, 208016.5000, 0.000),
        ('2024-09-26', 1890.3500, 1917.3500, 1890.3500, 1899.3500, 129294, 1915.1641, 1902.3500, 1899.2500, 1912.9450, 1913.3600, 0.0000, 0.0000, 0.0000, 1900.6851, 1906.3254, 1908.9293, 0.0000, 0.0000, 0.0000, 49.1659, 0.0000, -3.4945, 0.0000, 1967.6359, 1920.1525, 1872.6691, 35.3134, 205913.5500, 0.000),
        ('2024-09-27', 1930.0000, 1974.6500, 1903.3000, 1907.2000, 262993, 1914.6647, 1928.3833, 1899.4700, 1909.2350, 1913.6933, 0.0000, 0.0000, 0.0000, 1902.8567, 1906.4844, 1908.7132, 0.0000, 0.0000, 0.0000, 53.6507, 0.0000, -3.2602, 0.0000, 1964.9097, 1918.3475, 1871.7853, 37.3723, 208093.5000, 0.000),
        ('2024-09-30', 1884.9500, 1900.0000, 1870.0000, 1876.0000, 110696, 1912.0968, 1882.0000, 1895.2700, 1901.8600, 1912.4467, 0.0000, 0.0000, 0.0000, 1893.9045, 1900.9418, 1904.6240, 0.0000, 0.0000, 0.0000, 39.9837, 0.0000, -5.5284, 0.0000, 1959.0027, 1913.9425, 1868.8823, 8.4030, 206061.0000, 0.000),
        ('2024-10-01', 1876.0000, 1909.0000, 1875.0000, 1904.1500, 283922, 1910.1951, 1896.0500, 1896.5400, 1897.0100, 1911.8633, 0.0000, 0.0000, 0.0000, 1897.3197, 1901.5251, 1904.5648, 0.0000, 0.0000, 0.0000, 48.4185, 53.3046, -4.9969, 0.0000, 1955.7142, 1912.1400, 1868.5658, 34.5404, 215075.2500, 0.000),
        ('2024-10-03', 1886.1500, 1911.9500, 1881.1000, 1893.1000, 185365, 1909.4038, 1895.3833, 1895.9600, 1897.0850, 1910.6833, 0.0000, 0.0000, 0.0000, 1895.9131, 1899.9932, 1903.1317, 0.0000, 0.0000, 0.0000, 34.2503, 52.2015, -5.4050, 0.0000, 1954.7742, 1910.6925, 1866.6108, 24.2804, 219045.7500, 0.000),
        ('2024-10-04', 1888.6500, 1954.1000, 1888.6500, 1918.3500, 537361, 1910.2756, 1920.3667, 1899.7600, 1899.5050, 1908.5500, 0.0000, 0.0000, 0.0000, 1903.3921, 1903.3308, 1905.0340, 0.0000, 0.0000, 0.0000, 43.5432, 53.9096, -3.6489, 0.0000, 1953.0094, 1909.9600, 1866.9106, 47.7252, 241210.0500, 0.000),
        ('2024-10-07', 1922.0500, 1942.2500, 1915.6000, 1933.7500, 367272, 1911.7148, 1930.5333, 1905.0700, 1902.2700, 1907.8467, 0.0000, 0.0000, 0.0000, 1913.5114, 1908.8616, 1908.6235, 0.0000, 0.0000, 0.0000, 46.2067, 57.3021, -1.0030, 0.0000, 1955.6334, 1911.5375, 1867.4416, 62.0241, 245823.9500, 0.000),
        ('2024-10-08', 1934.7500, 1957.7500, 1906.9000, 1948.5000, 303314, 1913.8076, 1937.7167, 1919.5700, 1907.4200, 1907.7633, 0.0000, 0.0000, 0.0000, 1925.1743, 1916.0686, 1913.6080, 0.0000, 0.0000, 0.0000, 49.0685, 57.4023, 2.2581, -2.4049, 1960.4016, 1914.2275, 1868.0534, 75.7196, 249924.6500, 0.000),
        ('2024-10-09', 1951.7000, 1976.9000, 1945.5000, 1953.9000, 127209, 1914.9264, 1958.7667, 1929.5200, 1913.0300, 1907.8467, 0.0000, 0.0000, 0.0000, 1934.7495, 1922.9470, 1918.6445, 0.0000, 0.0000, 0.0000, 68.3348, 55.7029, 5.2181, -0.8803, 1965.5691, 1916.2775, 1866.9859, 79.0814, 248141.1000, 0.000),
        ('2024-10-10', 1969.9000, 1969.9000, 1914.2500, 1919.0500, 133629, 1915.4892, 1934.4000, 1934.7100, 1915.3350, 1909.6267, 0.0000, 0.0000, 0.0000, 1929.5163, 1922.2385, 1918.6952, 0.0000, 0.0000, 0.0000, 56.1971, 47.8428, 4.6977, 0.2353, 1965.9294, 1916.6900, 1867.4506, 47.3852, 246526.1500, 0.000),
        ('2024-10-11', 1918.0500, 1946.9000, 1909.9000, 1935.0000, 219738, 1915.1527, 1930.6000, 1938.0400, 1918.9000, 1912.3500, 0.0000, 0.0000, 0.0000, 1931.3442, 1924.5587, 1920.7333, 0.0000, 0.0000, 0.0000, 57.0522, 50.2730, 5.5088, 1.2900, 1963.4895, 1915.9225, 1868.3555, 60.8045, 246938.9500, 0.000),
        ('2024-10-14', 1934.9500, 1970.0000, 1933.7500, 1958.7000, 78170, 1913.8269, 1954.1500, 1943.0300, 1924.0500, 1915.8567, 0.0000, 0.0000, 0.0000, 1940.4628, 1930.7662, 1925.4791, 0.0000, 0.0000, 0.0000, 64.0547, 51.5746, 7.9721, 2.6264, 1966.2960, 1916.6425, 1866.9890, 82.9747, 235842.9500, 0.000),
        ('2024-10-15', 1964.9500, 1990.9000, 1952.0000, 1959.1000, 218415, 1915.4644, 1967.3333, 1945.1500, 1932.3600, 1919.9967, 0.0000, 0.0000, 0.0000, 1946.6752, 1935.9178, 1929.6818, 0.0000, 0.0000, 0.0000, 63.9890, 49.4665, 9.8431, 4.0698, 1968.1581, 1917.1100, 1866.0619, 73.6973, 240605.6500, 0.153),
        ('2024-10-16', 1958.9500, 1960.1000, 1916.3000, 1919.9000, 65346, 1915.1668, 1932.1000, 1938.3500, 1933.9350, 1921.4700, 0.0000, 0.0000, 0.0000, 1937.7501, 1933.0055, 1928.4590, 0.0000, 0.0000, 0.0000, 54.6589, 47.9025, 8.0697, 4.8698, 1963.8886, 1915.4725, 1867.0564, 41.2738, 240340.4500, 0.000),
        ('2024-10-17', 1930.0000, 1978.0000, 1930.0000, 1969.5000, 265093, 1918.1772, 1959.1667, 1948.4400, 1941.5750, 1926.3700, 0.0000, 0.0000, 0.0000, 1948.3334, 1939.6409, 1933.5892, 0.0000, 0.0000, 0.0000, 61.5855, 54.6037, 10.5451, 6.0048, 1971.8796, 1919.3300, 1866.7804, 82.2994, 240140.5500, 0.218),
        ('2024-10-18', 1905.0000, 1936.8000, 1870.0000, 1878.8500, 532991, 1916.7564, 1895.2167, 1937.2100, 1937.6250, 1925.0033, 0.0000, 0.0000, 0.0000, 1925.1723, 1928.5880, 1926.7468, 0.0000, 0.0000, 0.0000, 46.3234, 45.4500, 5.1329, 5.8304, 1972.9712, 1918.5650, 1864.1588, 7.3201, 253775.3000, 0.479),
        ('2024-10-21', 1899.4000, 1899.4000, 1838.1000, 1852.5000, 156295, 1919.1284, 1863.3333, 1915.9700, 1929.5000, 1921.3567, 0.0000, 0.0000, 0.0000, 1900.9482, 1914.7538, 1917.4659, 0.0000, 0.0000, 0.0000, 46.9136, 45.7924, -1.2678, 4.4108, 1977.3110, 1915.8850, 1854.4590, 9.4241, 216678.2000, 0.230),
        ('2024-10-22', 1846.0500, 1877.7000, 1846.0500, 1850.9500, 67574, 1919.0205, 1858.2333, 1894.3400, 1919.7450, 1919.6867, 0.0000, 0.0000, 0.0000, 1884.2821, 1903.1531, 1909.1514, 0.0000, 0.0000, 0.0000, 42.4880, 46.2584, -6.3919, 2.2503, 1980.8426, 1913.5825, 1846.3224, 8.4097, 211398.9000, 0.024),
        ('2024-10-23', 1842.3500, 1885.5000, 1842.3500, 1872.8500, 115059, 1918.3079, 1866.9000, 1884.9300, 1911.6400, 1917.6000, 0.0000, 0.0000, 0.0000, 1880.4714, 1897.6435, 1904.6137, 0.0000, 0.0000, 0.0000, 47.2256, 46.5964, -8.5866, 0.0829, 1981.6149, 1912.3350, 1843.0551, 22.7421, 211429.5000, 0.139),
        ('2024-10-24', 1872.0500, 1883.7000, 1860.1000, 1864.4000, 66000, 1917.9814, 1869.4000, 1863.9100, 1906.1750, 1915.6867, 0.0000, 0.0000, 0.0000, 1875.1143, 1891.5992, 1899.5870, 0.0000, 0.0000, 0.0000, 42.2519, 46.0989, -10.8823, -2.1101, 1982.8377, 1910.7550, 1838.6723, 17.2120, 211286.8000, 0.021),
        ('2024-10-25', 1868.7500, 1876.0000, 1845.6500, 1853.2500, 298913, 1914.3825, 1858.3000, 1858.7900, 1898.0000, 1911.3467, 0.0000, 0.0000, 0.0000, 1867.8262, 1884.6266, 1893.7949, 0.0000, 0.0000, 0.0000, 38.2960, 41.4268, -13.4464, -4.3774, 1984.6734, 1908.4500, 1832.2266, 9.9149, 219767.7500, 0.556),
        ('2024-10-28', 1855.0500, 1881.1000, 1855.0500, 1866.2500, 176878, 1911.6023, 1867.4667, 1861.5400, 1888.7550, 1906.8467, 0.0000, 0.0000, 0.0000, 1867.3008, 1881.2854, 1890.3518, 0.0000, 0.0000, 0.0000, 37.9804, 43.1923, -14.2650, -6.3549, 1984.8187, 1906.4025, 1827.9863, 18.4228, 215462.0000, 0.281),
        ('2024-10-29', 1847.0000, 1851.6000, 1828.9000, 1838.7500, 83833, 1910.9609, 1839.7500, 1859.1000, 1876.7200, 1899.5300, 1908.2560, 0.0000, 0.0000, 1857.7839, 1873.5517, 1883.9016, 1908.2560, 0.0000, 0.0000, 34.1935, 40.6770, -16.9376, -8.4715, 1987.3997, 1904.5400, 1821.6803, 6.0802, 214118.8500, 0.061),
        ('2024-10-30', 1834.9500, 1839.8500, 1797.0000, 1801.7500, 79714, 1910.0816, 1812.8667, 1844.8800, 1864.9050, 1889.3867, 1906.8210, 0.0000, 0.0000, 1839.1059, 1860.4968, 1873.6326, 1904.0793, 0.0000, 0.0000, 33.9929, 38.0124, -21.7900, -11.1352, 1993.6219, 1899.4200, 1805.2181, 2.4497, 203908.4500, 0.061),
        ('2024-10-31', 1797.0000, 1797.0000, 1747.2000, 1757.1500, 272382, 1901.3865, 1767.1167, 1823.4300, 1843.6700, 1878.5933, 1904.5190, 0.0000, 0.0000, 1811.7873, 1841.7065, 1859.0723, 1898.3174, 0.0000, 0.0000, 27.4902, 38.9848, -28.9013, -14.6884, 2005.4469, 1892.6225, 1779.7981, 4.0829, 208259.3000, 0.530),
        ('2024-11-01', 1763.0000, 1766.3000, 1754.4000, 1761.6000, 16395, 1897.9551, 1760.7667, 1805.1000, 1831.9450, 1867.0333, 1902.1520, 0.0000, 0.0000, 1795.0582, 1827.1417, 1846.8883, 1892.9559, 0.0000, 0.0000, 23.7759, 39.2472, -33.7884, -18.5084, 2010.4219, 1884.7850, 1759.1481, 5.9089, 182211.0000, 0.000),
        ('2024-11-04', 1728.9500, 1768.2500, 1718.5000, 1764.9000, 183170, 1886.6939, 1750.5500, 1784.8300, 1823.1850, 1854.1133, 1900.2030, 0.0000, 0.0000, 1785.0055, 1815.8250, 1836.6397, 1887.9341, 0.0000, 0.0000, 24.3597, 38.3824, -36.9691, -22.2005, 2010.1128, 1876.3425, 1742.5722, 17.8805, 173005.9000, 0.482),
        ('2024-11-05', 1763.7500, 1768.2500, 1745.1000, 1753.8000, 87084, 1878.4069, 1755.7167, 1767.8400, 1813.4700, 1840.4267, 1897.7600, 0.0000, 0.0000, 1774.6036, 1804.5477, 1826.2848, 1882.6739, 0.0000, 0.0000, 26.3120, 38.2565, -39.9253, -25.7455, 2006.1690, 1866.6075, 1727.0460, 13.6031, 162194.4000, 0.222),
        ('2024-11-06', 1765.0000, 1827.0000, 1763.5000, 1824.3000, 2491228, 1843.9445, 1804.9333, 1772.3500, 1808.6150, 1834.0533, 1896.2430, 0.0000, 0.0000, 1791.1691, 1808.1391, 1826.0367, 1880.3848, 0.0000, 0.0000, 30.4576, 44.5908, -36.1624, -27.8289, 1994.8251, 1860.1275, 1725.4299, 48.4654, 280395.3500, 1.000),
        ('2024-11-07', 1819.8500, 1825.1000, 1786.6500, 1802.6500, 108778, 1841.0168, 1804.8000, 1781.4500, 1802.4400, 1822.9300, 1893.5120, 0.0000, 0.0000, 1794.9961, 1807.1411, 1823.1133, 1877.3363, 0.0000, 0.0000, 37.4050, 43.3250, -34.5293, -29.1689, 1988.3758, 1854.3075, 1720.2392, 46.5174, 279152.8000, 0.034),
        ('2024-11-08', 1815.9500, 1840.0000, 1813.1000, 1831.0500, 152794, 1837.0890, 1828.0500, 1795.3400, 1800.2200, 1819.7433, 1891.4850, 0.0000, 0.0000, 1807.0140, 1811.4881, 1824.1054, 1875.5212, 0.0000, 0.0000, 46.4784, 45.2851, -30.5907, -29.4533, 1978.2308, 1849.1100, 1719.9892, 67.3952, 275805.6000, 0.053),
        ('2024-11-11', 1820.5500, 1867.8000, 1820.5500, 1860.0000, 173854, 1835.8414, 1849.4500, 1814.3600, 1799.5950, 1820.2433, 1889.8190, 0.0000, 0.0000, 1824.6760, 1820.3085, 1828.5922, 1874.9125, 0.0000, 0.0000, 51.3632, 46.8339, -24.8469, -28.5320, 1963.3240, 1844.1750, 1725.0260, 84.7305, 280589.8000, 0.060),
        ('2024-11-12', 1863.0000, 1881.2500, 1861.1000, 1867.9500, 73031, 1831.0452, 1870.1000, 1837.1900, 1802.5150, 1821.3767, 1887.8960, 0.0000, 0.0000, 1839.1007, 1828.9706, 1833.5120, 1874.6395, 0.0000, 0.0000, 49.2296, 49.4426, -19.4295, -26.7115, 1947.2507, 1839.6175, 1731.9843, 90.4661, 273320.6000, 0.020),
        ('2024-11-13', 1865.9500, 1873.4500, 1857.0000, 1868.3000, 60793, 1830.2280, 1866.2500, 1845.9900, 1809.1700, 1821.0733, 1886.4580, 0.0000, 0.0000, 1848.8338, 1836.1214, 1837.8605, 1874.3909, 0.0000, 0.0000, 50.6292, 47.4184, -14.9357, -24.3564, 1939.1832, 1837.0375, 1734.8918, 92.0430, 273092.9500, 0.015),
        ('2024-11-14', 1869.6500, 1876.0500, 1856.4500, 1864.0000, 216343, 1825.3233, 1865.5000, 1858.2600, 1819.8550, 1821.0467, 1885.2970, 0.0000, 0.0000, 1853.8892, 1841.1902, 1841.1279, 1873.9834, 0.0000, 0.0000, 51.7736, 47.8839, -11.5877, -21.8026, 1915.1806, 1831.7625, 1748.3444, 89.4009, 270655.4500, 0.081),
        ('2024-11-18', 1863.9500, 1863.9500, 1795.7500, 1811.4000, 131100, 1817.8470, 1823.7000, 1854.3300, 1824.8350, 1818.2567, 1882.8650, 0.0000, 0.0000, 1839.7261, 1835.7738, 1837.4119, 1871.5291, 0.0000, 0.0000, 41.9962, 42.5205, -13.0287, -20.0478, 1909.3379, 1828.3900, 1747.4421, 57.0814, 250560.9000, 0.049),
        ('2024-11-19', 1822.0500, 1860.0000, 1822.0500, 1825.5500, 92671, 1816.7476, 1835.8667, 1847.4400, 1830.9000, 1815.5433, 1881.3320, 0.0000, 0.0000, 1835.0008, 1833.9149, 1835.9292, 1869.7260, 0.0000, 0.0000, 47.9957, 42.4198, -12.8803, -18.6143, 1907.2339, 1827.0425, 1746.8511, 65.7757, 247379.7000, 0.032),
        ('2024-11-21', 1839.9500, 1866.6000, 1820.5000, 1834.2000, 134583, 1816.8242, 1840.4333, 1840.6900, 1838.9400, 1815.2400, 1880.1220, 0.0000, 0.0000, 1834.7338, 1833.9668, 1835.7130, 1868.3329, 0.0000, 0.0000, 55.3913, 41.9234, -11.9273, -17.2769, 1905.7272, 1826.2050, 1746.6828, 71.0906, 250730.1500, 0.051),
        ('2024-11-22', 1849.3500, 1913.9000, 1834.2500, 1902.9500, 383445, 1820.5875, 1883.7000, 1847.6200, 1846.8050, 1821.9867, 1879.9230, 0.0000, 0.0000, 1857.4726, 1846.5092, 1844.1177, 1869.6904, 0.0000, 0.0000, 72.4239, 46.6956, -5.5604, -14.9336, 1911.7191, 1827.7100, 1743.7009, 94.3961, 264149.4500, 0.155),
        ('2024-11-25', 1910.5000, 1919.0000, 1882.2000, 1889.1500, 181895, 1822.5579, 1896.7833, 1852.6500, 1855.4550, 1830.7867, 1879.4900, 0.0000, 0.0000, 1868.0317, 1854.2621, 1849.7467, 1870.4535, 0.0000, 0.0000, 69.0686, 48.0064, -1.6095, -12.2688, 1915.7643, 1828.9475, 1742.1307, 85.1122, 269944.2000, 0.066),
        ('2024-11-26', 1901.4500, 1938.7000, 1899.1500, 1921.8500, 101596, 1822.4053, 1919.9000, 1874.7400, 1864.5350, 1841.4700, 1878.9200, 0.0000, 0.0000, 1885.9711, 1866.5508, 1858.7596, 1872.4691, 0.0000, 0.0000, 71.5680, 49.1424, 4.1127, -8.9925, 1927.7617, 1832.3775, 1736.9933, 91.2965, 260078.3500, 0.034),
        ('2024-11-27', 1939.9500, 1940.6500, 1912.5000, 1924.1000, 53515, 1821.9248, 1925.7500, 1894.4500, 1870.9450, 1852.0833, 1878.5160, 0.0000, 0.0000, 1898.6808, 1877.0143, 1866.9272, 1874.4938, 0.0000, 0.0000, 73.9859, 47.6785, 8.7286, -5.4483, 1937.8264, 1835.2700, 1732.7136, 90.6576, 253910.2000, 0.014),
        ('2024-11-28', 1918.9500, 1918.9500, 1852.5500, 1857.4500, 122450, 1822.9344, 1876.3167, 1899.1000, 1869.8950, 1858.9933, 1876.6700, 0.0000, 0.0000, 1884.9372, 1873.4571, 1865.7425, 1873.8254, 0.0000, 0.0000, 54.7202, 43.7365, 6.9288, -2.9729, 1939.2112, 1836.2050, 1733.1988, 45.9740, 255841.0500, 0.044),
        ('2024-11-29', 1855.3500, 1876.7500, 1845.6500, 1858.4500, 210152, 1824.5832, 1860.2833, 1890.2000, 1868.9100, 1861.2700, 1874.7860, 0.0000, 0.0000, 1876.1081, 1870.7286, 1864.8309, 1873.2225, 0.0000, 0.0000, 58.4418, 46.0265, 5.5195, -1.2744, 1941.2147, 1839.0400, 1736.8653, 43.2712, 262362.9500, 0.081),
        ('2024-12-02', 1850.1000, 1882.0000, 1836.0000, 1879.2000, 144317, 1828.8009, 1865.7333, 1888.2100, 1870.4300, 1866.3733, 1874.5230, 0.0000, 0.0000, 1877.1387, 1872.2688, 1866.6271, 1873.4569, 0.0000, 0.0000, 57.4570, 43.9347, 6.0077, 0.1820, 1941.4342, 1845.1425, 1748.8508, 57.5914, 255959.7000, 0.054),
        ('2024-12-03', 1880.5000, 1899.0000, 1872.0000, 1891.4000, 68682, 1829.7957, 1887.4667, 1882.1200, 1878.4300, 1870.3967, 1874.4680, 0.0000, 0.0000, 1881.8925, 1875.7472, 1869.7237, 1874.1605, 0.0000, 0.0000, 55.1290, 50.9423, 7.2949, 1.6046, 1941.8305, 1851.6325, 1761.4345, 66.0110, 258574.0500, 0.006),
        ('2024-12-04', 1886.9500, 1912.9000, 1874.1000, 1890.3000, 60195, 1833.4178, 1892.4333, 1875.3600, 1884.9050, 1872.4167, 1874.1520, 0.0000, 0.0000, 1884.6950, 1878.3932, 1872.2957, 1874.7934, 0.0000, 0.0000, 53.7343, 52.9499, 8.1325, 2.9102, 1940.2005, 1857.9025, 1775.6045, 65.2519, 252425.3000, 0.003),
        ('2024-12-05', 1900.5000, 1949.0000, 1889.2500, 1934.3500, 235468, 1838.8331, 1924.2000, 1890.7400, 1894.9200, 1876.8433, 1874.8990, 0.0000, 0.0000, 1901.2467, 1888.5671, 1880.0525, 1877.1290, 0.0000, 0.0000, 59.6297, 56.1036, 12.2101, 4.7702, 1940.7430, 1866.9300, 1793.1170, 90.4405, 259844.5000, 0.080),
        ('2024-12-06', 1929.8000, 1936.1000, 1913.0000, 1923.2000, 125863, 1872.4489, 1924.1000, 1903.6900, 1896.9450, 1880.5033, 1875.4070, 0.0000, 0.0000, 1908.5644, 1894.8640, 1885.4460, 1878.9357, 0.0000, 0.0000, 58.4620, 53.7438, 14.3762, 6.6914, 1946.8440, 1871.8750, 1796.9060, 83.1648, 141576.2500, 0.547),
        ('2024-12-09', 1922.7000, 1930.9000, 1897.5000, 1925.3000, 122141, 1876.9869, 1917.9000, 1912.9100, 1900.5600, 1884.5900, 1875.9930, 0.0000, 0.0000, 1914.1430, 1900.3978, 1890.4277, 1880.7539, 0.0000, 0.0000, 69.0277, 54.5714, 16.0769, 8.5685, 1949.2980, 1878.0075, 1806.7170, 81.5564, 142244.4000, 0.522),
        ('2024-12-10', 1930.0000, 1965.0000, 1930.0000, 1948.7000, 192342, 1884.3079, 1947.9000, 1924.3700, 1903.2450, 1893.7433, 1876.9800, 0.0000, 0.0000, 1925.6620, 1909.1801, 1897.7117, 1883.4185, 0.0000, 0.0000, 69.9562, 57.0355, 19.0929, 10.6734, 1958.0682, 1883.8900, 1809.7118, 88.7197, 144221.8000, 0.905),
        ('2024-12-11', 1952.5500, 1977.5500, 1947.3500, 1968.7000, 208326, 1892.1099, 1964.5333, 1940.0500, 1907.7050, 1903.2867, 1878.2100, 0.0000, 0.0000, 1940.0080, 1920.0019, 1906.5853, 1886.7628, 0.0000, 0.0000, 71.0222, 57.4743, 22.8336, 13.1054, 1971.2314, 1889.3250, 1807.4186, 93.8241, 145945.4000, 0.980),
        ('2024-12-12', 1975.0000, 1998.6500, 1973.0000, 1986.7500, 109677, 1896.1428, 1986.1333, 1950.5300, 1920.6350, 1913.4567, 1880.4250, 0.0000, 0.0000, 1955.5887, 1932.1379, 1916.6059, 1890.6839, 0.0000, 0.0000, 65.5646, 60.9484, 26.9441, 15.8732, 1986.7771, 1895.2650, 1803.7529, 92.6837, 147777.7000, 0.428),
        ('2024-12-13', 1969.6000, 2006.8000, 1946.4500, 1999.8500, 182861, 1901.9752, 1984.3667, 1965.8600, 1934.7750, 1919.9167, 1882.3390, 0.0000, 0.0000, 1970.3424, 1944.4492, 1927.0114, 1894.9649, 0.0000, 0.0000, 70.6145, 65.1917, 30.9026, 18.8790, 2003.0531, 1901.8425, 1800.6319, 95.9309, 153881.1000, 0.788),
        ('2024-12-16', 1990.3000, 1999.2500, 1977.4000, 1979.6500, 73924, 1906.7656, 1985.4333, 1976.7300, 1944.8200, 1925.9500, 1884.0700, 0.0000, 0.0000, 1973.4450, 1950.8493, 1933.5912, 1898.2859, 0.0000, 0.0000, 61.2891, 67.7263, 32.0403, 21.5113, 2012.6690, 1907.6250, 1802.5810, 84.1042, 146760.1500, 0.236),
        ('2024-12-17', 1970.0000, 1980.5500, 1959.0000, 1976.6500, 38762, 1911.4866, 1972.0667, 1982.3200, 1953.3450, 1929.6033, 1885.2360, 0.0000, 0.0000, 1974.5133, 1955.5404, 1938.9736, 1901.3590, 0.0000, 0.0000, 60.2337, 67.1724, 32.3273, 23.6745, 2015.1961, 1915.8875, 1816.5789, 82.3478, 142143.2500, 0.050),
        ('2024-12-18', 1965.0500, 1984.4500, 1962.1500, 1978.9000, 91783, 1916.0090, 1975.1667, 1984.3600, 1962.2050, 1933.2567, 1886.1390, 0.0000, 0.0000, 1975.9755, 1959.7876, 1943.9644, 1904.3998, 0.0000, 0.0000, 81.5701, 67.1173, 32.3632, 25.4122, 2017.3046, 1923.5550, 1829.8054, 83.6651, 142098.8500, 0.351),
        ('2024-12-19', 1939.3500, 1959.0000, 1921.0000, 1948.1500, 75296, 1920.3868, 1942.7167, 1976.6400, 1963.5850, 1939.3033, 1886.1320, 0.0000, 0.0000, 1966.7004, 1957.6716, 1944.4876, 1906.1155, 0.0000, 0.0000, 70.1936, 65.0717, 29.5695, 26.2437, 2014.0066, 1929.2525, 1844.4984, 65.6616, 139134.5000, 0.266),
        ('2024-12-20', 1972.0000, 1981.6500, 1911.2500, 1922.0500, 251755, 1927.3960, 1938.3167, 1961.0800, 1963.4700, 1943.5433, 1885.4950, 0.0000, 0.0000, 1951.8169, 1951.1950, 1941.6829, 1906.7404, 0.0000, 0.0000, 59.4197, 58.1411, 24.9617, 25.9873, 2014.1814, 1930.2075, 1846.2336, 37.1291, 132550.0000, 1.000),
        ('2024-12-23', 1927.1500, 1940.4500, 1909.2500, 1923.8500, 65647, 1929.5182, 1924.5167, 1949.9200, 1963.3250, 1946.5200, 1885.5910, 0.0000, 0.0000, 1942.4946, 1946.2232, 1939.4538, 1907.4114, 0.0000, 0.0000, 57.4752, 60.4393, 21.2108, 25.0320, 2013.8602, 1931.9425, 1850.0248, 37.4906, 126737.6000, 0.182),
        ('2024-12-24', 1924.1500, 1941.7500, 1900.2500, 1909.3000, 225966, 1928.8304, 1917.1000, 1936.4500, 1959.3850, 1947.7133, 1885.0770, 0.0000, 0.0000, 1931.4297, 1939.5099, 1935.6845, 1907.4854, 0.0000, 0.0000, 54.1215, 56.9046, 16.8696, 23.3995, 2013.7232, 1931.3150, 1848.9068, 17.0566, 132956.1000, 0.882),
        ('2024-12-26', 1906.0000, 1920.9000, 1902.5000, 1906.2000, 294282, 1926.9628, 1909.8667, 1921.9100, 1953.1350, 1948.7733, 1884.0270, 0.0000, 0.0000, 1923.0198, 1933.4535, 1931.9990, 1907.4350, 0.0000, 0.0000, 42.5745, 54.2714, 13.0288, 21.3254, 2013.5082, 1930.4200, 1847.3318, 7.9597, 144994.4500, 1.000),
        ('2024-12-27', 1915.9500, 1924.0000, 1904.0000, 1916.5500, 299022, 1927.8013, 1914.8500, 1915.5900, 1946.1150, 1947.5867, 1883.1760, 0.0000, 0.0000, 1920.8632, 1930.3802, 1930.0679, 1907.7925, 0.0000, 0.0000, 48.2384, 54.4735, 10.6968, 19.1997, 2009.8097, 1933.3750, 1856.9403, 17.4291, 153823.0500, 0.952),
        ('2024-12-30', 1916.0000, 1916.0000, 1886.4500, 1905.7000, 232307, 1930.4998, 1902.7167, 1912.3200, 1936.7000, 1946.4200, 1882.8920, 0.0000, 0.0000, 1915.8088, 1925.8929, 1927.0219, 1907.7104, 0.0000, 0.0000, 45.0380, 53.3773, 7.8824, 16.9362, 2005.3821, 1935.7375, 1866.0929, 15.9950, 154930.8000, 0.704),
        ('2024-12-31', 1895.0000, 1895.3000, 1845.7000, 1880.7000, 49186, 1932.6849, 1873.9000, 1903.6900, 1926.8050, 1943.4467, 1881.1160, 0.0000, 0.0000, 1904.1059, 1917.6760, 1921.2316, 1906.6512, 0.0000, 0.0000, 32.9232, 51.4537, 3.5932, 14.2676, 2005.2162, 1935.8125, 1866.4088, 21.7256, 150174.2500, 0.050),
        ('2025-01-01', 1879.9500, 1892.1000, 1875.0000, 1882.6500, 180770, 1930.8135, 1883.2500, 1898.3600, 1917.4050, 1939.0433, 1881.1920, 0.0000, 0.0000, 1896.9539, 1911.3076, 1916.4089, 1905.7100, 0.0000, 0.0000, 26.2358, 56.8019, 0.3473, 11.4835, 2005.9927, 1935.3750, 1864.7573, 22.9361, 155778.6500, 0.515),
        ('2025-01-02', 1890.0000, 1962.0500, 1885.0000, 1957.6500, 232274, 1931.8049, 1934.9000, 1908.6500, 1915.2800, 1938.3067, 1883.2950, 0.0000, 0.0000, 1917.1859, 1919.7335, 1921.5641, 1907.7468, 0.0000, 0.0000, 43.8866, 61.2983, 3.7832, 9.9435, 2006.8189, 1938.7425, 1870.6661, 69.4910, 164382.6000, 0.649),
        ('2025-01-03', 1957.4500, 1957.4500, 1922.2000, 1938.3000, 205298, 1932.8281, 1939.3167, 1913.0000, 1914.2950, 1935.0767, 1885.0420, 0.0000, 0.0000, 1924.2240, 1923.1092, 1923.6561, 1908.9450, 0.0000, 0.0000, 37.4002, 58.7435, 4.8884, 8.9324, 2006.9871, 1938.9400, 1870.8929, 60.3061, 162874.1000, 0.562),
        ('2025-01-06', 1954.6500, 1972.9500, 1927.8500, 1937.8500, 189323, 1933.9221, 1946.2167, 1919.4300, 1915.8750, 1930.9433, 1886.3420, 0.0000, 0.0000, 1928.7660, 1925.7894, 1925.4303, 1910.0785, 0.0000, 0.0000, 40.6904, 53.3112, 5.6627, 8.2785, 2007.3405, 1939.6725, 1872.0045, 66.4144, 166047.1000, 0.494),
        ('2025-01-07', 1938.4500, 1959.4000, 1924.4000, 1932.5500, 244697, 1934.8359, 1938.7833, 1929.8000, 1916.7450, 1927.8033, 1887.7050, 0.0000, 0.0000, 1930.0273, 1927.0186, 1926.3203, 1910.9598, 0.0000, 0.0000, 40.2778, 54.1851, 5.7820, 7.7792, 2007.4684, 1940.0350, 1872.6016, 62.5946, 172174.9000, 0.654),
        ('2025-01-08', 1922.0500, 1938.9500, 1888.3000, 1933.1500, 201177, 1933.2513, 1920.1333, 1939.9000, 1919.1300, 1924.9033, 1889.3030, 0.0000, 0.0000, 1931.0682, 1928.1334, 1927.1740, 1911.8300, 0.0000, 0.0000, 39.8401, 51.1616, 5.8575, 7.3949, 2006.6319, 1939.2575, 1871.8831, 64.3251, 172616.6500, 0.508),
        ('2025-01-09', 1941.8500, 1952.0000, 1909.8500, 1917.8000, 272548, 1930.8787, 1926.5500, 1931.9300, 1920.2900, 1920.8300, 1890.3340, 0.0000, 0.0000, 1926.6455, 1926.2546, 1926.0022, 1912.0641, 0.0000, 0.0000, 42.7652, 49.3694, 4.6254, 6.8410, 2003.2866, 1936.7125, 1870.1384, 53.0342, 175827.7500, 0.727),
        ('2025-01-10', 1931.5500, 1977.0000, 1931.5500, 1966.7000, 320367, 1931.6197, 1958.4167, 1937.6100, 1925.3050, 1922.0667, 1892.8930, 1900.5745, 0.0000, 1939.9970, 1933.6083, 1931.0895, 1914.2067, 1900.5745, 0.0000, 59.6001, 61.3389, 7.5082, 6.9744, 1999.7974, 1935.7100, 1871.6226, 92.1554, 186362.2500, 0.823),
        ('2025-01-13', 1950.0500, 1982.5500, 1948.7500, 1961.8000, 140309, 1930.2490, 1964.3667, 1942.4000, 1930.9150, 1924.7167, 1896.0940, 1901.4575, 0.0000, 1947.2647, 1938.7341, 1934.9283, 1916.0731, 1901.7869, 0.0000, 58.0522, 60.6404, 9.2903, 7.4376, 1992.1690, 1933.8075, 1875.4460, 84.8374, 184234.6500, 0.278),
        ('2025-01-14', 1960.0500, 1972.0000, 1931.2500, 1939.3000, 215561, 1930.1557, 1947.5167, 1943.7500, 1936.7750, 1925.7467, 1899.7370, 1902.1280, 0.0000, 1944.6098, 1938.8370, 1935.4747, 1916.9839, 1902.5297, 0.0000, 56.1576, 56.1654, 8.7859, 7.7072, 1986.3382, 1931.7900, 1877.2418, 68.3961, 191316.5000, 0.486),
        ('2025-01-15', 1951.9500, 1957.9000, 1938.0000, 1949.8000, 40167, 1929.9245, 1948.5667, 1947.0800, 1943.4900, 1928.4467, 1903.5010, 1902.8265, 0.0000, 1946.3398, 1940.8302, 1937.2654, 1918.2708, 1903.4658, 0.0000, 58.6853, 56.0119, 9.1281, 7.9914, 1981.7377, 1930.4475, 1879.1573, 76.0687, 191386.7500, 0.000),
        ('2025-01-16', 1962.4000, 1967.7500, 1917.7500, 1926.2000, 113338, 1929.0609, 1937.2333, 1948.7600, 1940.3450, 1929.7800, 1906.7270, 1903.4650, 0.0000, 1939.6266, 1938.1702, 1935.8822, 1918.5818, 1903.9159, 0.0000, 51.8259, 53.5321, 7.4096, 7.8750, 1974.0402, 1927.8125, 1881.5848, 58.8235, 192464.5000, 0.208),
        ('2025-01-17', 1869.9500, 1869.9500, 1812.7000, 1815.1000, 256183, 1922.6730, 1832.5833, 1918.4400, 1928.0250, 1923.0167, 1907.9530, 1902.8565, 0.0000, 1898.1177, 1915.7938, 1920.7844, 1914.5237, 1902.1572, 0.0000, 37.5720, 39.6349, -2.8839, 5.7233, 1987.6286, 1921.1600, 1854.6914, 1.4130, 201508.8500, 0.583),
        ('2025-01-20', 1822.4000, 1831.6000, 1793.2000, 1813.2500, 54311, 1920.0869, 1812.6833, 1888.7300, 1915.5650, 1916.8533, 1907.7320, 1901.9875, 0.0000, 1869.8285, 1897.1495, 1907.3426, 1910.5522, 1900.3967, 0.0000, 40.1201, 40.2862, -11.0634, 2.3659, 1997.1353, 1915.7200, 1834.3047, 10.5889, 191636.6500, 0.040),
        ('2025-01-21', 1820.0000, 1831.8500, 1792.4500, 1799.8000, 504737, 1906.7791, 1808.0333, 1860.8300, 1902.2900, 1911.4600, 1907.6750, 1900.5935, 0.0000, 1846.4856, 1879.4496, 1893.8998, 1906.2089, 1898.4047, 0.0000, 38.2599, 39.1304, -18.4186, -1.7910, 2005.1671, 1909.5175, 1813.8679, 3.8664, 213591.1500, 1.000),
        ('2025-01-22', 1806.1000, 1865.4000, 1806.1000, 1856.6000, 142272, 1904.0455, 1842.7000, 1842.1900, 1894.6350, 1909.7233, 1908.1860, 1899.8355, 0.0000, 1849.8571, 1875.2951, 1889.2373, 1904.2635, 1897.5768, 0.0000, 34.9021, 42.4595, -19.4403, -5.3208, 2005.2751, 1906.8825, 1808.4899, 33.7454, 209406.4500, 0.218),
        ('2025-01-23', 1856.4500, 1879.5000, 1850.6500, 1864.8000, 135461, 1902.3071, 1864.9833, 1829.9100, 1889.3350, 1903.5333, 1908.2820, 1899.0505, 0.0000, 1854.8381, 1873.3869, 1886.1827, 1902.7159, 1896.9278, 0.0000, 38.6399, 41.3258, -19.3651, -8.1297, 2004.9028, 1904.8125, 1804.7222, 38.0589, 201465.4000, 0.215),
        ('2025-01-24', 1865.0000, 1894.8500, 1864.8000, 1875.1500, 273838, 1899.7263, 1878.2667, 1841.9200, 1880.1800, 1899.3233, 1908.4260, 1898.1610, 0.0000, 1861.6087, 1873.7075, 1884.8036, 1901.6349, 1896.4966, 0.0000, 40.5969, 40.5616, -18.2599, -10.1557, 2003.4864, 1902.7425, 1801.9986, 43.5034, 200206.2000, 0.538),
        ('2025-01-27', 1850.0000, 1862.4500, 1812.9000, 1822.1000, 93143, 1897.9261, 1832.4833, 1843.6900, 1866.2100, 1891.6067, 1907.5020, 1896.9800, 0.0000, 1848.4391, 1864.3243, 1876.9656, 1898.5159, 1895.0234, 0.0000, 35.5110, 35.9186, -21.4178, -12.4082, 2005.2318, 1898.5625, 1791.8932, 15.5971, 193248.0000, 0.126),
        ('2025-01-28', 1822.3000, 1863.0000, 1822.3000, 1829.1500, 366784, 1892.9666, 1838.1500, 1849.5600, 1855.1950, 1884.7133, 1906.8050, 1896.0510, 0.0000, 1842.0094, 1857.9290, 1870.9887, 1895.7956, 1893.7189, 0.0000, 36.5841, 37.8236, -23.0855, -14.5436, 2006.6718, 1895.9850, 1785.2982, 19.3056, 209127.9000, 0.717),
        ('2025-01-29', 1838.5500, 1888.0000, 1838.5500, 1880.8500, 220194, 1892.1397, 1869.1333, 1854.4100, 1848.3000, 1881.2267, 1908.1940, 1895.5295, 0.0000, 1854.9563, 1862.0964, 1872.2213, 1895.2095, 1893.4641, 0.0000, 45.6422, 42.8154, -20.0047, -15.6358, 2006.6280, 1895.8950, 1785.1620, 46.5018, 211099.1000, 0.387),
        ('2025-01-30', 1878.9500, 1885.9500, 1844.9500, 1859.8500, 98815, 1889.0202, 1863.5833, 1853.4200, 1841.6650, 1877.3633, 1908.8800, 1895.1060, 0.0000, 1856.5875, 1861.6880, 1870.6749, 1893.8229, 1892.7985, 0.0000, 36.5105, 41.3159, -19.0383, -16.3163, 1999.0016, 1891.0050, 1783.0084, 35.4550, 204426.1500, 0.127),
        ('2025-01-31', 1864.1000, 1896.1500, 1864.1000, 1880.0500, 218826, 1886.0272, 1880.1000, 1854.4000, 1848.1600, 1871.5867, 1909.7970, 1894.9595, 0.0000, 1864.4083, 1865.0265, 1871.8468, 1893.2828, 1892.5460, 0.0000, 40.0632, 44.9548, -16.4528, -16.3436, 1993.9507, 1888.0925, 1782.2343, 48.7886, 205102.5500, 0.398),
        ('2025-02-01', 1873.7500, 1889.9500, 1845.2000, 1851.9000, 70912, 1882.7452, 1862.3500, 1860.3600, 1852.0250, 1864.2600, 1908.7760, 1894.3495, 0.0000, 1860.2389, 1862.6399, 1869.3535, 1891.6599, 1891.7412, 0.0000, 39.5204, 44.8187, -16.4851, -16.3719, 1988.1928, 1883.7950, 1779.3972, 33.9133, 199182.0000, 0.068),
        ('2025-02-03', 1839.9500, 1876.5000, 1832.8000, 1863.8500, 130888, 1878.3552, 1857.7167, 1867.3000, 1858.4300, 1859.2300, 1908.2700, 1893.8800, 0.0000, 1861.4426, 1862.8599, 1868.6655, 1890.5693, 1891.1889, 0.0000, 39.7300, 45.6338, -15.3694, -16.1714, 1982.6139, 1880.3600, 1778.1061, 40.7302, 193491.5500, 0.217),
        ('2025-02-04', 1887.0000, 1911.4000, 1875.0000, 1899.2500, 386977, 1877.8917, 1895.2167, 1870.9800, 1862.6950, 1855.8600, 1907.8180, 1893.3690, 0.0000, 1874.0451, 1869.4763, 1872.4886, 1890.9098, 1891.3485, 0.0000, 46.8681, 49.2902, -11.4961, -15.2364, 1978.4567, 1878.6650, 1778.8733, 89.7856, 202781.5500, 0.789),
        ('2025-02-05', 1907.9000, 1919.1000, 1894.5500, 1897.1000, 189137, 1875.7764, 1903.5833, 1878.4300, 1865.9250, 1853.9200, 1907.2780, 1892.8970, 0.0000, 1881.7300, 1874.4988, 1875.5650, 1891.1525, 1891.4624, 0.0000, 62.7607, 49.3564, -8.5020, -13.8895, 1976.1985, 1877.6300, 1779.0615, 82.6293, 198611.0000, 0.345),
        ('2025-02-06', 1920.0000, 1922.6500, 1900.0500, 1915.9500, 107219, 1869.7918, 1912.8833, 1885.6100, 1870.0050, 1860.6433, 1908.4480, 1892.5590, 0.0000, 1893.1367, 1882.0354, 1880.6131, 1892.1250, 1891.9473, 0.0000, 65.1788, 49.9581, -4.5556, -12.0227, 1966.7276, 1875.0925, 1783.4574, 94.8541, 187953.6000, 0.167),
        ('2025-02-07', 1880.2000, 1921.0000, 1880.2000, 1902.7500, 141726, 1867.4512, 1901.3167, 1895.7800, 1878.0700, 1866.6100, 1909.3340, 1892.0600, 0.0000, 1896.3411, 1885.8017, 1883.3802, 1892.5416, 1892.1612, 0.0000, 65.2270, 49.7945, -2.4648, -10.1111, 1955.8745, 1872.1400, 1788.4055, 82.9258, 188024.4500, 0.253),
        ('2025-02-10', 1908.5000, 1908.5000, 1878.2500, 1879.2000, 204511, 1864.0044, 1888.6500, 1898.8500, 1883.0750, 1871.9033, 1909.3340, 1891.9285, 0.0000, 1890.6274, 1884.6014, 1882.8577, 1892.0184, 1891.9045, 0.0000, 53.7073, 49.8953, -2.6772, -8.6243, 1947.1301, 1869.1350, 1791.1399, 60.4100, 187471.9500, 0.409),
        ('2025-02-11', 1879.3000, 1902.5500, 1869.7000, 1876.8000, 694809, 1866.2326, 1883.0167, 1894.3600, 1882.6700, 1873.2500, 1909.0420, 1891.7550, 0.0000, 1886.0183, 1883.1829, 1882.1005, 1891.4216, 1891.6054, 0.0000, 52.0067, 49.5920, -3.0046, -7.5004, 1934.3350, 1865.4850, 1796.6350, 58.2232, 220204.0500, 1.000),
        ('2025-02-12', 1876.8500, 1894.5000, 1846.2500, 1863.7500, 649652, 1864.8581, 1868.1667, 1887.6900, 1883.0600, 1873.1800, 1908.5110, 1891.3315, 0.0000, 1878.5955, 1879.6497, 1879.8067, 1890.3365, 1891.0538, 0.0000, 48.1107, 42.8310, -4.2678, -6.8539, 1925.3280, 1862.3625, 1799.3970, 46.3326, 247019.7500, 0.817),
        ('2025-02-13', 1865.5000, 1873.5000, 1835.1500, 1843.2500, 149469, 1866.1288, 1850.6333, 1873.1500, 1879.3800, 1871.0533, 1906.6890, 1890.7940, 0.0000, 1866.8137, 1873.0315, 1875.2371, 1888.4899, 1890.1072, 0.0000, 53.9290, 42.7559, -6.8443, -6.8520, 1923.6285, 1863.7700, 1803.9115, 20.8769, 241684.0500, 0.117),
        ('2025-02-14', 1852.5000, 1859.0000, 1828.0500, 1856.3000, 132900, 1866.2234, 1847.7833, 1863.8600, 1879.8200, 1873.3333, 1905.3510, 1890.3790, 0.0000, 1863.3091, 1869.9894, 1872.8700, 1887.2276, 1889.4378, 0.0000, 54.9337, 43.9019, -7.7438, -7.0303, 1921.2869, 1865.9225, 1810.5581, 29.8626, 245613.5000, 0.066),
        ('2025-02-17', 1848.0000, 1850.0500, 1823.0000, 1842.6000, 106879, 1872.0742, 1838.5500, 1856.5400, 1877.6950, 1874.2300, 1903.6970, 1889.8450, 0.0000, 1856.4061, 1865.0095, 1869.0862, 1885.4775, 1888.5103, 0.0000, 41.9355, 43.3572, -9.4532, -7.5149, 1915.8249, 1868.0625, 1820.3001, 19.6688, 225720.6000, 0.042),
        ('2025-02-18', 1840.6000, 1861.0000, 1838.0000, 1851.5000, 169092, 1872.1787, 1850.1667, 1851.4800, 1872.9200, 1872.2733, 1901.7530, 1889.3665, 0.0000, 1854.7707, 1862.5533, 1866.8879, 1884.1450, 1887.7774, 0.0000, 48.1449, 44.0432, -9.9748, -8.0069, 1915.8655, 1867.8075, 1819.7495, 28.6001, 227061.6000, 0.139),
        ('2025-02-19', 1845.9500, 1848.9000, 1807.0000, 1810.8000, 76054, 1871.5486, 1822.2333, 1840.8900, 1864.2900, 1869.0033, 1898.5950, 1888.4025, 0.0000, 1840.1138, 1853.1436, 1859.8769, 1881.2688, 1886.2531, 0.0000, 35.8990, 42.4722, -13.5165, -9.1088, 1919.2238, 1865.1075, 1810.9912, 3.2858, 224091.2500, 0.000),
        ('2025-02-20', 1800.3000, 1830.5000, 1800.3000, 1823.4500, 118255, 1869.6620, 1818.0833, 1836.9300, 1855.0400, 1865.2300, 1895.3290, 1887.8770, 0.0000, 1834.5592, 1847.7447, 1855.3236, 1879.0014, 1885.0095, 0.0000, 43.8166, 39.3802, -15.1282, -10.3127, 1919.3446, 1862.5225, 1805.7004, 18.9211, 216312.1000, 0.074),
        ('2025-02-21', 1828.7500, 1828.7500, 1806.5000, 1815.1500, 900230, 1861.0662, 1816.8000, 1828.7000, 1846.2800, 1862.7800, 1891.6350, 1886.9870, 0.0000, 1828.0895, 1841.8184, 1850.3019, 1876.4974, 1883.6261, 0.0000, 39.2447, 39.1827, -16.8806, -11.6263, 1920.0568, 1862.1750, 1804.2932, 12.1373, 256666.4500, 1.000),
        ('2025-02-24', 1809.8000, 1809.8000, 1750.0000, 1764.1500, 200716, 1859.2664, 1774.6500, 1813.0100, 1834.7750, 1856.1333, 1887.3250, 1885.6975, 0.0000, 1806.7763, 1827.6969, 1839.5329, 1872.0916, 1881.2603, 0.0000, 22.0868, 37.6018, -22.1296, -13.7269, 1929.7184, 1858.9250, 1788.1316, 8.1958, 248363.0500, 0.148),
        ('2025-02-25', 1751.5000, 1778.4500, 1749.1500, 1768.2000, 299475, 1853.2577, 1765.2667, 1796.3500, 1823.9150, 1847.3967, 1883.1560, 1884.1960, 0.0000, 1793.9175, 1816.8793, 1830.6163, 1868.0174, 1879.0215, 0.0000, 23.5752, 37.0267, -25.6668, -16.1149, 1933.5101, 1853.2925, 1773.0749, 10.9798, 252327.1000, 0.268),
        ('2025-02-27', 1758.2000, 1775.9000, 1751.1500, 1764.2000, 80318, 1851.6250, 1763.7500, 1787.0300, 1813.9600, 1838.5367, 1878.8620, 1882.5005, 0.0000, 1784.0117, 1807.3012, 1822.3142, 1863.9461, 1876.7478, 0.0000, 16.8740, 38.0935, -28.4647, -18.5849, 1937.5171, 1848.5100, 1759.5029, 8.7576, 251402.2500, 0.000),
        ('2025-02-28', 1754.1000, 1754.4500, 1682.8000, 1688.0500, 113082, 1847.0695, 1708.4333, 1759.9500, 1798.4400, 1823.3433, 1873.6600, 1879.8960, 0.0000, 1752.0245, 1785.6192, 1805.5312, 1857.0483, 1873.0112, 0.0000, 13.2363, 40.1565, -36.4070, -22.1493, 1950.7320, 1838.9100, 1727.0880, 2.3261, 246115.0500, 0.044),
        ('2025-03-03', 1688.4000, 1728.4500, 1688.4000, 1708.1000, 695948, 1829.4668, 1708.3167, 1738.5400, 1783.6200, 1810.3667, 1869.3810, 1877.4380, 0.0000, 1737.3830, 1771.5248, 1793.3523, 1851.2072, 1869.7456, 0.0000, 20.3466, 42.0767, -40.6153, -25.8425, 1956.9633, 1831.7200, 1706.4767, 11.5131, 277366.8500, 0.687),
        ('2025-03-04', 1699.9500, 1699.9500, 1670.0000, 1689.7000, 124480, 1825.5887, 1686.5500, 1723.6500, 1768.3300, 1797.7333, 1864.6980, 1875.1445, 0.0000, 1721.4887, 1756.6476, 1780.3958, 1844.8735, 1866.1804, 0.0000, 19.2775, 41.7651, -44.9174, -29.6575, 1961.6129, 1823.0125, 1684.4121, 8.7751, 277046.4500, 0.041),
        ('2025-03-05', 1690.0500, 1732.3000, 1690.0500, 1710.8000, 126336, 1817.7455, 1711.0500, 1712.1700, 1754.2600, 1786.6667, 1860.7280, 1872.9025, 0.0000, 1717.9258, 1748.3116, 1771.6963, 1839.6158, 1863.1035, 0.0000, 25.5319, 38.4798, -46.0929, -32.9446, 1955.7548, 1813.5900, 1671.4252, 20.0491, 264014.4000, 0.050),
        ('2025-03-06', 1718.6500, 1721.1500, 1691.0000, 1713.2000, 92840, 1812.6563, 1708.4500, 1701.9700, 1744.5000, 1776.6300, 1856.8680, 1870.4475, 0.0000, 1716.3505, 1741.9277, 1764.3843, 1834.6583, 1860.1351, 0.0000, 27.9165, 37.9107, -46.2971, -35.6151, 1947.5504, 1804.3950, 1661.2396, 22.6178, 259199.5500, 0.012),
        ('2025-03-07', 1704.9500, 1704.9500, 1675.8000, 1685.7500, 66194, 1808.9731, 1688.8333, 1701.5100, 1730.7300, 1766.1300, 1852.2520, 1867.7140, 0.0000, 1706.1503, 1731.7136, 1754.5550, 1828.8187, 1856.6820, 0.0000, 22.3895, 35.2973, -48.1193, -38.1159, 1935.3279, 1792.8850, 1650.4421, 8.2461, 257148.3000, 0.000),
        ('2025-03-10', 1689.9500, 1718.8000, 1676.8000, 1702.7500, 81295, 1804.6463, 1699.4500, 1700.4400, 1719.4900, 1755.8933, 1848.1930, 1865.5425, 0.0000, 1705.0169, 1726.4475, 1748.0794, 1823.8749, 1853.6338, 0.0000, 27.5989, 40.1858, -47.6424, -40.0212, 1921.0906, 1782.8850, 1644.6794, 17.1466, 254126.7500, 0.019),
        ('2025-03-11', 1682.9500, 1682.9500, 1637.0500, 1660.6000, 184062, 1796.0003, 1660.2000, 1694.6200, 1709.1350, 1743.7600, 1843.7910, 1862.4535, 0.0000, 1690.2113, 1714.4752, 1737.1444, 1817.4719, 1849.8113, 0.0000, 22.3654, 36.8965, -50.0882, -42.0346, 1912.5193, 1771.9550, 1631.3907, 11.1164, 253104.3000, 0.145),
        ('2025-03-12', 1639.6500, 1639.6500, 1564.1500, 1589.6000, 186559, 1774.6039, 1597.8000, 1670.3800, 1691.2750, 1726.3000, 1837.9300, 1859.5610, 0.0000, 1656.6742, 1691.7706, 1718.7014, 1808.5358, 1844.6586, 0.0000, 20.5616, 28.0172, -57.0975, -45.0472, 1910.5187, 1757.5950, 1604.6713, 9.5551, 227691.8000, 0.173),
        ('2025-03-13', 1597.5000, 1606.6000, 1571.0000, 1579.2500, 99375, 1754.7306, 1585.6167, 1643.5900, 1672.7800, 1710.8633, 1830.3620, 1856.8285, 0.0000, 1630.8661, 1671.3123, 1701.2700, 1799.5442, 1839.4030, 0.0000, 17.3005, 28.4750, -62.7640, -48.5905, 1906.7220, 1743.3700, 1580.0180, 5.7067, 200177.9500, 0.074),
        ('2025-03-17', 1555.0000, 1594.0000, 1551.0000, 1590.5500, 65835, 1748.1143, 1578.5167, 1624.5500, 1663.0300, 1695.3367, 1823.4070, 1854.2245, 0.0000, 1617.4274, 1656.6283, 1687.4300, 1791.3483, 1834.4752, 0.0000, 20.1647, 27.4848, -65.5870, -51.9898, 1900.2074, 1730.7350, 1561.2626, 15.2821, 195996.2500, 0.024),
        ('2025-03-18', 1596.3000, 1612.7000, 1582.0500, 1608.8000, 137751, 1739.5824, 1601.1833, 1605.7600, 1653.1000, 1681.5800, 1816.8260, 1851.5840, 0.0000, 1614.5516, 1647.9322, 1677.6012, 1784.1896, 1830.0064, 0.0000, 27.3971, 30.7978, -65.5954, -54.7109, 1885.4787, 1718.3600, 1551.2413, 25.4122, 196238.8000, 0.137),
        ('2025-03-19', 1608.7500, 1608.7500, 1572.6000, 1586.5500, 108452, 1732.7373, 1589.3000, 1590.9500, 1642.7850, 1669.7400, 1809.9060, 1848.8055, 0.0000, 1605.2177, 1636.7718, 1666.2198, 1776.4390, 1825.1855, 0.0000, 24.8998, 28.4471, -66.6294, -57.0946, 1871.8725, 1705.5575, 1539.2425, 15.8070, 196317.4500, 0.091),
        ('2025-03-20', 1592.9500, 1631.0000, 1592.9500, 1614.1500, 155196, 1722.9006, 1612.7000, 1595.8600, 1633.1200, 1659.4700, 1803.5260, 1846.4145, 0.0000, 1608.1952, 1632.6588, 1659.7111, 1770.0747, 1821.0066, 0.0000, 30.5357, 27.5688, -64.4785, -58.5714, 1850.2421, 1693.6900, 1537.1379, 31.0396, 195622.6500, 0.165),
        ('2025-03-21', 1580.0000, 1603.5500, 1564.1500, 1592.6000, 91843, 1717.7946, 1586.7667, 1598.5300, 1621.0600, 1648.0300, 1797.0220, 1843.6780, 0.0000, 1602.9968, 1625.3753, 1651.3222, 1763.1149, 1816.4837, 0.0000, 35.5750, 26.7522, -63.7776, -59.6126, 1835.5325, 1682.7800, 1530.0275, 22.9454, 196412.1000, 0.065),
        ('2025-03-24', 1598.3000, 1606.5500, 1572.5500, 1592.2000, 274520, 1706.3311, 1590.4333, 1598.8600, 1611.7050, 1641.6400, 1789.5320, 1841.2125, 0.0000, 1599.3978, 1619.3435, 1643.9319, 1756.4124, 1812.0424, 0.0000, 31.3785, 24.5660, -62.5335, -60.1968, 1814.3325, 1671.2175, 1528.1025, 22.7248, 204225.3500, 0.334),
        ('2025-03-25', 1603.0000, 1635.9000, 1603.0000, 1631.7000, 232600, 1671.5899, 1623.5333, 1603.4400, 1604.6000, 1636.5467, 1782.9300, 1839.5120, 0.0000, 1610.1652, 1621.5901, 1642.4029, 1751.5217, 1808.4713, 0.0000, 41.2729, 29.5511, -57.6952, -59.6965, 1789.7728, 1662.0450, 1534.3172, 44.5119, 170843.8500, 0.490),
        ('2025-03-26', 1630.0000, 1637.8000, 1595.0000, 1598.1500, 134262, 1662.9604, 1610.3167, 1605.7600, 1598.3550, 1630.4433, 1776.1070, 1837.9220, 0.0000, 1606.1602, 1617.3283, 1636.8713, 1745.5071, 1804.3065, 0.0000, 33.6621, 29.1119, -55.9234, -58.9419, 1775.2779, 1653.7450, 1532.2121, 27.7108, 167521.1500, 0.242),
        ('2025-03-27', 1595.6000, 1620.0000, 1586.4000, 1603.5500, 158837, 1650.4637, 1603.3167, 1603.6400, 1599.7500, 1623.2933, 1769.1820, 1836.3415, 0.0000, 1605.2901, 1614.8231, 1632.7062, 1739.9402, 1800.3311, 0.0000, 34.2344, 29.7817, -53.4672, -57.8469, 1756.7918, 1645.5125, 1534.2332, 31.3170, 160489.2500, 0.325),
        ('2025-03-28', 1594.9500, 1597.8000, 1565.0500, 1570.4000, 229420, 1642.7883, 1577.7500, 1599.2000, 1598.8650, 1613.7733, 1762.0660, 1834.3965, 0.0000, 1593.6601, 1606.7462, 1624.9179, 1733.2915, 1795.7780, 0.0000, 33.6823, 28.9215, -53.5779, -56.9931, 1737.4026, 1635.8225, 1534.2424, 11.5614, 167944.3500, 0.492),
        ('2025-04-01', 1535.1000, 1547.7000, 1518.0000, 1527.5000, 265555, 1632.2250, 1531.0667, 1586.2600, 1592.5600, 1603.2233, 1756.3140, 1832.1335, 0.0000, 1571.6067, 1592.3378, 1612.7407, 1725.2213, 1790.4656, 0.0000, 26.9013, 28.0195, -56.4762, -56.8897, 1736.7077, 1627.7950, 1518.8823, 5.7593, 175568.0000, 0.557),
        ('2025-04-02', 1531.5000, 1555.5000, 1531.5000, 1549.8500, 136844, 1610.2731, 1545.6167, 1569.8900, 1586.6650, 1593.0300, 1751.0460, 1829.3890, 0.0000, 1564.3545, 1584.6127, 1604.8793, 1718.3440, 1785.7009, 0.0000, 34.5988, 28.9396, -56.3206, -56.7759, 1727.2922, 1619.8825, 1512.4728, 26.1817, 147612.8000, 0.534),
        ('2025-04-03', 1522.9000, 1530.0000, 1485.1000, 1497.0000, 293518, 1597.2406, 1504.0333, 1549.6600, 1577.7100, 1582.1233, 1744.9900, 1826.3325, 0.0000, 1541.9030, 1568.6832, 1591.3944, 1709.6638, 1779.9841, 0.0000, 36.4382, 27.4618, -59.7727, -57.3753, 1725.1850, 1610.2475, 1495.3100, 7.7931, 156064.7000, 1.000),
        ('2025-04-04', 1466.9500, 1472.0000, 1448.0000, 1452.3000, 353376, 1578.1915, 1457.4333, 1519.4100, 1561.5250, 1572.9700, 1736.9040, 1822.5450, 0.0000, 1512.0353, 1547.5226, 1574.0076, 1699.5711, 1773.4953, 0.0000, 33.1071, 25.1277, -65.3620, -58.9726, 1721.8606, 1597.3225, 1472.7844, 2.2655, 167416.7000, 1.000),
        ('2025-04-07', 1350.0000, 1406.8500, 1307.1000, 1397.8000, 1050658, 1524.7288, 1370.5833, 1484.8900, 1542.0450, 1560.8733, 1727.5640, 1817.9230, 0.0000, 1473.9569, 1520.3003, 1551.9817, 1687.7370, 1766.0558, 0.0000, 26.9961, 24.7029, -73.3438, -61.8469, 1722.2340, 1581.5525, 1440.8710, 27.4267, 215307.6000, 1.000),
        ('2025-04-08', 1427.0000, 1456.5000, 1415.0000, 1429.3000, 415932, 1514.2548, 1433.6000, 1465.2500, 1525.7550, 1550.1233, 1718.6470, 1813.5365, 0.0000, 1459.0713, 1503.7548, 1536.6464, 1677.6022, 1759.3874, 0.0000, 29.2342, 26.4024, -76.2487, -64.7272, 1715.6938, 1568.7300, 1421.7662, 36.9519, 232794.5000, 0.322),
        ('2025-04-09', 1408.2000, 1408.2000, 1381.3500, 1404.2000, 263142, 1504.8146, 1397.9167, 1436.1200, 1503.0050, 1536.4833, 1710.2890, 1808.8955, 0.0000, 1440.7808, 1485.6539, 1520.0906, 1666.8805, 1752.3539, 0.0000, 29.0426, 25.8818, -79.6580, -67.7134, 1703.8985, 1553.8025, 1403.7065, 29.3620, 241886.8500, 0.165),
        ('2025-04-11', 1414.6500, 1438.5500, 1397.6500, 1410.6000, 493400, 1490.7058, 1415.6000, 1418.8400, 1484.2500, 1524.7533, 1701.9180, 1804.3615, 0.0000, 1430.7206, 1472.0077, 1506.4043, 1656.8303, 1745.5865, 0.0000, 25.4078, 28.1043, -80.9107, -70.3528, 1695.3286, 1541.3025, 1387.2764, 31.2972, 257353.7500, 0.348),
        ('2025-04-15', 1440.4000, 1447.0000, 1409.1000, 1427.2500, 383484, 1482.4519, 1427.7833, 1413.8300, 1466.6200, 1512.2933, 1692.8460, 1800.5200, 0.0000, 1429.5637, 1463.8700, 1496.5100, 1647.8272, 1739.2828, 0.0000, 29.7836, 29.2091, -79.6420, -72.2107, 1693.1710, 1533.1850, 1373.1990, 36.3320, 267200.0000, 0.242),
        ('2025-04-16', 1429.9500, 1429.9500, 1396.9500, 1413.0000, 345038, 1476.3492, 1413.3000, 1416.8700, 1450.8800, 1500.3200, 1683.9090, 1796.3945, 0.0000, 1424.0425, 1454.6209, 1486.0713, 1638.6183, 1732.8218, 0.0000, 28.8079, 28.8485, -78.8771, -73.5440, 1691.5567, 1524.8725, 1358.1883, 32.0230, 279483.1500, 0.198),
        ('2025-04-17', 1404.8500, 1429.4000, 1378.6000, 1420.2000, 771330, 1467.0776, 1409.4000, 1415.0500, 1440.1500, 1488.8533, 1674.7120, 1792.2545, 0.0000, 1422.7616, 1448.3625, 1477.8374, 1630.0528, 1726.6313, 0.0000, 22.9193, 32.4072, -76.8046, -74.1961, 1686.1254, 1516.3550, 1346.5846, 34.2002, 314757.9000, 0.449),
        ('2025-04-21', 1409.0000, 1471.5000, 1409.0000, 1450.4500, 592543, 1462.2842, 1443.6500, 1424.3000, 1430.2100, 1476.7700, 1666.6830, 1787.7295, 0.0000, 1431.9911, 1448.7421, 1474.4139, 1623.0096, 1721.1623, 0.0000, 30.9272, 33.3009, -71.8924, -73.7353, 1674.9630, 1508.4375, 1341.9120, 45.8134, 337497.5000, 0.292),
        ('2025-04-22', 1448.9500, 1448.9500, 1419.6000, 1422.4000, 391747, 1458.5451, 1430.3167, 1426.6600, 1422.7500, 1465.0533, 1657.8540, 1783.0620, 0.0000, 1428.7941, 1443.9526, 1467.9122, 1615.1425, 1715.2462, 0.0000, 27.9005, 32.8895, -69.4622, -72.8807, 1666.7276, 1500.2300, 1333.7324, 39.6629, 351662.2500, 0.146),
        ('2025-04-23', 1447.3500, 1487.8500, 1441.5500, 1474.8500, 329800, 1455.6623, 1468.0833, 1436.1800, 1425.0050, 1456.4733, 1649.3660, 1778.5920, 0.0000, 1444.1460, 1449.5703, 1468.7794, 1609.6409, 1710.4859, 0.0000, 38.8675, 35.4791, -62.5825, -70.8211, 1651.5707, 1493.2650, 1334.9593, 67.5322, 360392.4500, 0.101),
        ('2025-04-24', 1474.7500, 1483.0000, 1461.1500, 1471.3000, 179407, 1454.4091, 1471.8167, 1447.8400, 1432.3550, 1449.8667, 1640.8500, 1774.0640, 0.0000, 1453.1974, 1453.5212, 1469.0945, 1604.2157, 1705.7496, 0.0000, 42.7912, 35.1340, -56.7625, -68.0094, 1638.9780, 1487.2000, 1335.4220, 66.1031, 364770.6500, 0.000),
        ('2025-04-25', 1474.1000, 1501.5000, 1464.0000, 1480.2000, 236153, 1450.1581, 1481.9000, 1459.8400, 1437.4450, 1446.7133, 1632.1350, 1770.2915, 0.0000, 1462.1982, 1458.3719, 1470.4827, 1599.3524, 1701.2832, 0.0000, 40.7466, 37.0731, -50.8458, -64.5767, 1625.5303, 1481.6000, 1337.6697, 77.6581, 362852.3000, 0.036),
        ('2025-04-28', 1483.0000, 1488.7000, 1465.3000, 1482.2000, 532448, 1446.8350, 1478.7333, 1466.1900, 1445.2450, 1442.2033, 1623.7240, 1766.5290, 0.0000, 1468.8655, 1462.7043, 1471.9473, 1594.7582, 1696.9450, 0.0000, 47.7266, 35.8631, -45.4712, -60.7556, 1600.5627, 1474.1250, 1347.6873, 90.0720, 377844.7000, 0.209),
        ('2025-04-29', 1482.2000, 1509.6000, 1474.5000, 1497.4000, 398565, 1446.4237, 1493.8333, 1481.1900, 1453.9250, 1442.2300, 1616.0880, 1762.7110, 0.0000, 1478.3770, 1469.0126, 1475.1289, 1590.9402, 1692.9936, 0.0000, 57.6182, 39.1648, -39.5296, -56.5104, 1582.7400, 1469.0875, 1355.4350, 93.9753, 391059.8500, 0.120),
        ('2025-04-30', 1497.4000, 1508.0000, 1486.0000, 1498.9000, 119269, 1444.0061, 1497.6333, 1486.0000, 1461.0900, 1445.3367, 1608.5300, 1758.7860, 0.0000, 1485.2180, 1474.4467, 1478.1003, 1587.3308, 1689.1501, 0.0000, 70.8025, 43.3660, -34.3044, -52.0692, 1560.6491, 1463.8550, 1367.0609, 91.8321, 389081.4500, 0.000),
        ('2025-05-02', 1504.9500, 1523.7000, 1496.4000, 1506.4500, 92930, 1440.7808, 1508.8500, 1493.0300, 1470.4350, 1452.5800, 1601.3840, 1754.9475, 0.0000, 1492.2953, 1480.2654, 1481.6440, 1584.1590, 1685.5323, 0.0000, 67.6101, 44.6533, -29.2174, -47.4988, 1546.8010, 1460.6575, 1374.5140, 88.1116, 382256.9500, 0.000),
        ('2025-05-05', 1507.3500, 1522.4500, 1502.7500, 1507.7000, 105684, 1438.5687, 1510.9667, 1498.5300, 1479.1850, 1457.8067, 1594.6730, 1750.6810, 0.0000, 1497.4302, 1485.2535, 1484.9010, 1581.1606, 1682.0109, 0.0000, 76.5113, 43.8241, -24.7991, -42.9589, 1543.1288, 1459.6675, 1376.2062, 88.9731, 374263.4000, 0.008),
        ('2025-05-06', 1509.0000, 1515.5000, 1499.1000, 1511.3000, 94902, 1437.4940, 1508.6333, 1504.3500, 1485.2700, 1464.9467, 1587.7730, 1746.5620, 0.0000, 1502.0535, 1489.9893, 1488.2009, 1578.4210, 1678.6305, 0.0000, 76.1694, 42.5697, -20.7677, -38.5207, 1534.2745, 1457.7400, 1381.2055, 91.4542, 372166.3000, 0.003),
        ('2025-05-07', 1501.3000, 1518.7500, 1495.0500, 1508.5000, 109324, 1435.8568, 1507.4333, 1506.5700, 1493.8800, 1471.4733, 1581.0910, 1742.3940, 0.0000, 1504.2023, 1493.3549, 1490.7383, 1575.6790, 1675.2615, 0.0000, 72.7527, 43.8703, -17.5959, -34.3357, 1536.1819, 1458.3150, 1380.4481, 89.5245, 362956.6000, 0.013),
        ('2025-05-08', 1509.9500, 1516.4000, 1501.3500, 1511.2500, 170453, 1436.5572, 1509.6667, 1509.0400, 1497.5200, 1477.0733, 1574.2860, 1738.0195, 0.0000, 1506.5515, 1496.6085, 1493.3022, 1573.1523, 1672.0138, 0.0000, 79.4074, 41.5904, -14.6910, -30.4068, 1542.3901, 1461.2625, 1380.1349, 91.4197, 353810.4500, 0.051),
        ('2025-05-09', 1491.2000, 1511.0000, 1491.2000, 1507.4500, 75913, 1448.7471, 1503.2167, 1509.2400, 1501.1350, 1483.3700, 1568.2190, 1733.4070, 0.0000, 1506.8510, 1498.5797, 1495.0707, 1570.5758, 1668.7551, 0.0000, 76.6575, 42.8331, -12.5508, -26.8356, 1544.7362, 1466.7450, 1388.7538, 85.8326, 305073.2000, 0.003),
        ('2025-05-12', 1535.2500, 1632.0000, 1534.0500, 1626.7000, 302933, 1457.3282, 1597.5833, 1533.0400, 1515.7850, 1497.1367, 1564.2840, 1729.8065, 0.0000, 1546.8007, 1521.8743, 1511.5244, 1572.7767, 1667.9223, 0.0000, 84.8803, 52.4197, -1.2181, -21.7121, 1579.2291, 1476.6150, 1374.0009, 97.5047, 299423.2500, 0.348),
        ('2025-05-13', 1619.6000, 1619.6000, 1564.9500, 1569.1000, 435421, 1468.8575, 1584.5500, 1544.6000, 1524.4750, 1505.0467, 1559.3630, 1725.4990, 0.0000, 1554.2338, 1530.4608, 1518.7213, 1572.6325, 1665.9655, 0.0000, 75.9922, 45.7182, 3.0798, -16.7537, 1589.3571, 1484.8600, 1380.3629, 66.9730, 308037.2000, 0.530),
        ('2025-05-14', 1575.0000, 1594.1500, 1570.0000, 1592.6000, 196636, 1477.2528, 1585.5833, 1561.4200, 1533.9950, 1516.3933, 1555.9320, 1721.6285, 0.0000, 1567.0225, 1541.7588, 1527.9562, 1573.4156, 1664.5127, 0.0000, 73.2478, 49.6151, 8.2866, -11.7457, 1602.6203, 1493.9600, 1385.2997, 76.9388, 293199.0000, 0.194),
        ('2025-05-15', 1592.3500, 1618.8500, 1571.2000, 1613.2500, 332079, 1487.5920, 1601.1000, 1581.8200, 1545.4300, 1525.6200, 1552.8330, 1717.9945, 0.0000, 1582.4317, 1554.7572, 1538.6179, 1574.9777, 1663.4976, 0.0000, 76.2530, 50.6588, 13.9189, -6.6128, 1619.0921, 1503.2600, 1387.4279, 88.8393, 290628.7500, 0.407),
        ('2025-05-16', 1614.2000, 1614.2000, 1581.3000, 1589.7500, 230333, 1496.4361, 1595.0833, 1598.2800, 1553.7600, 1533.5167, 1549.3440, 1714.1030, 0.0000, 1584.8711, 1561.1195, 1545.0094, 1575.5570, 1662.0372, 0.0000, 69.2227, 51.3316, 16.2984, -2.0305, 1625.9896, 1512.0975, 1398.2054, 74.6551, 284893.5000, 0.256),
        ('2025-05-19', 1583.9500, 1583.9500, 1555.0000, 1559.1500, 402469, 1514.2901, 1566.0333, 1584.7700, 1558.9050, 1538.7800, 1546.7660, 1710.2130, 0.0000, 1576.2974, 1560.7614, 1546.7770, 1574.9136, 1659.9998, 0.0000, 62.2708, 52.2156, 15.5359, 1.4828, 1626.4326, 1519.0450, 1411.6574, 53.7460, 266450.4500, 0.838),
        ('2025-05-20', 1567.0000, 1583.0000, 1558.3000, 1560.4000, 320816, 1525.9253, 1567.2333, 1583.0300, 1563.8150, 1543.9933, 1543.8120, 1706.5965, 0.0000, 1570.9983, 1560.6957, 1548.4799, 1574.3444, 1658.0276, 0.0000, 60.5140, 50.7610, 14.8612, 4.1584, 1628.5242, 1524.5425, 1420.5608, 50.9589, 252864.1000, 0.809),
        ('2025-05-21', 1561.6500, 1570.0000, 1552.1500, 1568.1000, 153101, 1534.8893, 1563.4167, 1578.1300, 1569.7750, 1548.7067, 1541.3800, 1703.0390, 0.0000, 1570.0322, 1562.0420, 1550.9324, 1574.0996, 1656.2468, 0.0000, 61.3146, 55.4861, 14.7774, 6.2822, 1626.1289, 1531.8275, 1437.5261, 54.6165, 240931.8000, 0.310),
        ('2025-05-22', 1562.0000, 1562.0000, 1540.0500, 1549.2000, 369151, 1540.6046, 1550.4167, 1565.3200, 1573.5700, 1552.0600, 1538.1480, 1699.4380, 0.0000, 1563.0881, 1559.7071, 1550.7158, 1573.1231, 1654.1271, 0.0000, 56.7397, 57.7869, 13.0357, 7.6329, 1626.3665, 1535.5450, 1444.7235, 41.1932, 242899.3500, 1.000),
        ('2025-05-23', 1550.0000, 1586.5000, 1549.2500, 1564.5000, 328344, 1544.7839, 1566.7500, 1560.2700, 1579.2750, 1555.9300, 1535.1740, 1696.0210, 0.0000, 1563.5587, 1560.5785, 1552.4389, 1572.7849, 1652.3523, 0.0000, 58.5749, 64.2967, 12.7431, 8.6550, 1626.8299, 1540.2050, 1453.5801, 52.0597, 250346.2000, 0.837),
        ('2025-05-26', 1569.9500, 1583.7500, 1562.3500, 1580.4000, 216608, 1549.0955, 1575.5000, 1564.5200, 1574.6450, 1560.7767, 1533.0670, 1692.6595, 0.0000, 1569.1725, 1564.1824, 1555.9340, 1573.0836, 1650.9275, 0.0000, 60.0582, 63.3151, 13.6370, 9.6514, 1628.9197, 1545.2150, 1461.5103, 63.3523, 249368.9500, 0.490),
        ('2025-05-27', 1578.2500, 1582.8000, 1556.2000, 1570.5000, 959158, 1559.6892, 1569.8333, 1566.5400, 1574.7850, 1564.7233, 1530.4220, 1689.3075, 0.0000, 1569.6150, 1565.3311, 1557.7547, 1572.9823, 1649.3349, 0.0000, 58.8420, 65.0580, 13.3922, 10.3995, 1628.7641, 1549.6300, 1470.4959, 56.3210, 270704.4500, 1.000),
        ('2025-05-28', 1574.0500, 1587.0000, 1570.0500, 1572.0500, 222802, 1565.4093, 1576.3667, 1567.3300, 1572.7300, 1568.9600, 1528.6510, 1686.2210, 0.0000, 1570.4267, 1566.5527, 1559.5417, 1572.9457, 1647.8045, 0.0000, 58.7006, 64.7483, 13.1714, 10.9539, 1629.2665, 1553.3625, 1477.4585, 57.4219, 261916.3000, 0.184),
        ('2025-05-29', 1585.0000, 1609.0000, 1577.0000, 1585.4000, 413916, 1568.7448, 1590.4667, 1574.5700, 1569.9450, 1573.9033, 1528.5670, 1683.2485, 0.0000, 1575.4178, 1569.9795, 1562.7739, 1573.4341, 1646.5687, 0.0000, 60.8581, 64.5345, 13.9133, 11.5458, 1630.4792, 1557.6875, 1484.8958, 52.4247, 276648.6500, 0.380),
        ('2025-05-30', 1569.0000, 1570.7500, 1555.1000, 1562.8000, 361932, 1569.3384, 1562.8833, 1574.2300, 1567.2500, 1577.5933, 1528.2380, 1679.3000, 0.0000, 1571.2119, 1568.6741, 1562.7772, 1573.0171, 1644.9100, 0.0000, 37.8193, 63.5590, 12.5331, 11.7432, 1629.4039, 1560.5050, 1491.6061, 28.5984, 290098.7500, 0.303),
        ('2025-06-02', 1562.0000, 1562.0000, 1538.7500, 1554.2000, 338024, 1569.3699, 1551.6500, 1568.9900, 1566.7550, 1572.7600, 1527.5110, 1675.4590, 0.0000, 1565.5412, 1566.0425, 1561.7051, 1572.2792, 1643.1137, 0.0000, 46.5073, 62.0982, 10.6229, 11.5192, 1627.4497, 1562.8300, 1498.2103, 19.2884, 301715.7500, 0.265),
        ('2025-06-03', 1561.8000, 1566.7000, 1535.3500, 1542.3500, 1190530, 1566.6323, 1548.1333, 1563.3600, 1564.9500, 1570.9767, 1526.1820, 1671.5040, 0.0000, 1557.8108, 1561.7347, 1559.2857, 1571.1055, 1641.1184, 0.0000, 37.5403, 58.5824, 8.0600, 10.8273, 1625.3652, 1564.3825, 1503.3998, 8.3832, 356497.1500, 0.938),
        ('2025-06-04', 1542.3000, 1557.0000, 1542.0000, 1551.2500, 47951, 1567.4357, 1550.0833, 1559.2000, 1563.2650, 1568.2200, 1525.4760, 1667.6910, 0.0000, 1555.6239, 1559.8284, 1558.2812, 1570.3268, 1639.3388, 0.0000, 33.6756, 62.4794, 6.6701, 9.9959, 1622.2921, 1566.5200, 1510.7479, 20.1649, 353428.5000, 0.000),
        ('2025-06-05', 1552.0000, 1567.4500, 1542.4000, 1554.3500, 175186, 1568.5132, 1554.7333, 1552.9900, 1563.7800, 1564.2933, 1524.2800, 1663.9030, 0.0000, 1555.1993, 1558.8323, 1557.7898, 1569.7003, 1637.6559, 0.0000, 39.5575, 58.5136, 5.7525, 9.1472, 1618.7811, 1568.6750, 1518.5689, 25.7977, 353665.1500, 0.106),
        ('2025-06-06', 1553.3000, 1568.0000, 1543.7000, 1564.0500, 310045, 1568.7702, 1558.5833, 1553.2400, 1563.7350, 1562.5800, 1523.7090, 1660.3655, 0.0000, 1558.1495, 1559.7810, 1558.5723, 1569.4787, 1636.1983, 0.0000, 51.6487, 59.8034, 5.7417, 8.4661, 1613.1363, 1571.5050, 1529.8737, 38.9681, 365371.7500, 0.209),
        ('2025-06-09', 1579.0000, 1587.9000, 1570.1000, 1572.5500, 292314, 1567.8977, 1576.8500, 1556.9100, 1562.9500, 1563.4733, 1523.3160, 1656.4240, 1778.4993, 1562.9497, 1562.1026, 1560.3195, 1569.5991, 1634.9380, 1778.4993, 53.8980, 59.7694, 6.3459, 8.0421, 1601.8847, 1568.7975, 1535.7103, 50.5092, 364840.8000, 0.195),
        ('2025-06-10', 1580.0000, 1607.0000, 1577.7000, 1596.2500, 400500, 1568.3195, 1593.6500, 1567.6900, 1565.5250, 1565.8633, 1522.6070, 1652.7685, 1777.1130, 1574.0498, 1568.3113, 1564.8108, 1570.6443, 1634.1719, 1776.6858, 58.1903, 61.5353, 8.6376, 8.1612, 1605.3417, 1570.1550, 1534.9683, 82.6884, 363094.7500, 0.284),
        ('2025-06-11', 1594.9500, 1634.1000, 1589.9500, 1630.7000, 420095, 1570.6682, 1618.2500, 1583.5800, 1571.3900, 1570.0367, 1523.2580, 1649.6825, 1775.9053, 1592.9332, 1579.6547, 1573.0470, 1572.9994, 1634.1031, 1775.2332, 71.7449, 62.9770, 13.0828, 9.1455, 1615.1410, 1572.0600, 1528.9790, 96.5570, 374267.7000, 0.290),
        ('2025-06-12', 1625.9500, 1627.5000, 1598.4000, 1607.4000, 176187, 1570.2613, 1611.1000, 1594.1900, 1573.5900, 1573.9167, 1523.3350, 1646.2585, 1774.5425, 1597.7555, 1584.6993, 1577.3411, 1574.3484, 1633.5744, 1773.5632, 60.9775, 60.1326, 14.5577, 10.2280, 1613.7924, 1571.7675, 1529.7426, 72.9620, 366473.1000, 0.101),
        ('2025-06-13', 1571.0500, 1608.7500, 1570.0000, 1601.5500, 115149, 1569.8386, 1593.4333, 1601.6900, 1577.4650, 1576.3867, 1523.9580, 1643.0120, 1773.2385, 1599.0203, 1587.7630, 1580.3672, 1575.4152, 1632.9402, 1771.8517, 55.7054, 58.9095, 15.0807, 11.1985, 1615.6867, 1572.3575, 1529.0283, 67.0380, 360713.9000, 0.054),
        ('2025-06-16', 1600.0000, 1634.5000, 1596.8000, 1623.7500, 436434, 1572.9709, 1618.3500, 1611.9300, 1584.4200, 1579.2767, 1525.8830, 1641.0985, 1771.9775, 1607.2635, 1594.3061, 1585.7901, 1577.3107, 1632.7582, 1770.3780, 63.4708, 60.4616, 17.0895, 12.3767, 1623.8476, 1575.5875, 1527.3274, 89.1578, 362412.1500, 0.314),
        ('2025-06-17', 1619.9500, 1647.7000, 1615.2000, 1640.1500, 2067483, 1587.2836, 1634.3500, 1620.7100, 1594.2000, 1583.9200, 1527.6890, 1639.3675, 1770.6775, 1618.2257, 1602.6414, 1592.5851, 1579.7749, 1632.9046, 1769.0822, 66.0235, 61.3534, 19.7769, 13.8568, 1634.8287, 1579.5750, 1524.3213, 93.2799, 449745.5000, 1.000),
        ('2025-06-18', 1615.0000, 1644.4500, 1615.0000, 1632.8000, 659232, 1590.6841, 1630.7500, 1621.1300, 1602.3550, 1587.9700, 1530.4050, 1637.6975, 1769.1455, 1623.0838, 1608.1248, 1597.6119, 1581.8544, 1632.9025, 1767.7262, 61.4770, 60.8654, 21.0707, 15.2995, 1642.4032, 1582.8100, 1523.2168, 86.7379, 475052.0500, 0.281),
        ('2025-06-19', 1629.6500, 1629.6500, 1612.2500, 1618.5000, 188630, 1592.8749, 1620.1333, 1623.3500, 1608.7700, 1590.1767, 1533.7290, 1635.3165, 1767.5760, 1621.5559, 1610.0112, 1600.2229, 1583.2914, 1632.6173, 1766.2413, 64.0515, 59.1894, 20.7035, 16.3803, 1645.7070, 1586.2750, 1526.8430, 74.0098, 466026.0000, 0.060),
        ('2025-06-20', 1619.0000, 1630.0000, 1608.6500, 1621.8500, 300615, 1594.6809, 1620.1667, 1627.4100, 1614.5500, 1594.1133, 1538.2100, 1632.8870, 1765.9688, 1621.6539, 1612.1637, 1602.9263, 1584.8035, 1632.4041, 1764.8046, 67.5304, 59.8096, 20.4471, 17.1937, 1649.6202, 1589.1425, 1528.6648, 76.9915, 464639.5500, 0.115),
        ('2025-06-23', 1600.0000, 1600.1000, 1576.0000, 1584.7000, 256524, 1594.9131, 1586.9333, 1619.6000, 1615.7650, 1596.1467, 1541.3180, 1629.9825, 1764.0718, 1609.3359, 1607.1703, 1600.6480, 1584.7995, 1631.4595, 1763.0125, 59.7022, 45.8084, 17.0497, 17.1649, 1649.7399, 1589.3575, 1528.9751, 40.3974, 466635.3500, 0.093),
        ('2025-06-24', 1603.1500, 1606.4000, 1577.9000, 1581.5500, 930652, 1596.8687, 1588.6167, 1607.8800, 1614.2950, 1598.7600, 1544.8650, 1627.5770, 1762.2785, 1600.0740, 1602.5121, 1598.2608, 1584.6720, 1630.4712, 1761.2069, 57.1294, 51.3940, 13.9423, 16.5204, 1649.7922, 1589.9100, 1530.0278, 37.1795, 465210.0500, 0.418),
        ('2025-06-25', 1592.9500, 1619.8500, 1586.0000, 1615.5000, 91093, 1597.4685, 1607.1167, 1604.4200, 1612.7750, 1603.0433, 1548.9630, 1625.4405, 1760.7458, 1605.2160, 1604.8735, 1600.4157, 1585.8810, 1630.1747, 1759.7571, 62.5642, 52.5055, 14.0571, 16.0277, 1652.3666, 1592.0825, 1531.7984, 69.0385, 458624.6000, 0.014),
        ('2025-06-26', 1615.4500, 1624.1000, 1606.5500, 1615.0000, 187926, 1598.1653, 1615.2167, 1603.7200, 1613.5350, 1607.0867, 1552.7180, 1622.7820, 1759.1558, 1608.4773, 1606.7147, 1602.2387, 1587.0229, 1629.8742, 1758.3167, 60.8798, 50.2003, 13.9470, 15.6116, 1654.5668, 1593.5625, 1532.5582, 57.9151, 447325.1000, 0.064),
        ('2025-06-27', 1602.0500, 1629.9500, 1602.0500, 1608.6000, 80596, 1599.7819, 1613.5333, 1601.0700, 1614.2400, 1610.0567, 1556.6300, 1620.2695, 1757.6878, 1608.5182, 1607.0575, 1603.0339, 1587.8691, 1629.4530, 1756.8270, 57.7677, 52.2454, 13.1912, 15.1275, 1655.4890, 1595.8525, 1536.2160, 49.6782, 433258.3000, 0.011),
        ('2025-06-30', 1609.3000, 1614.9500, 1594.2500, 1601.3000, 187993, 1601.7747, 1603.5000, 1604.3900, 1611.9950, 1611.9733, 1560.2520, 1617.4820, 1756.2208, 1606.1121, 1606.0107, 1602.8171, 1588.3958, 1628.8955, 1755.2795, 51.1709, 55.3159, 11.8664, 14.4753, 1654.7165, 1598.2075, 1541.6985, 40.2831, 425756.7500, 0.069),
        ('2025-07-01', 1601.3000, 1617.0000, 1600.9000, 1608.1500, 461917, 1610.3861, 1608.6833, 1609.7100, 1608.7950, 1612.7667, 1563.4060, 1615.0445, 1754.6970, 1606.7914, 1606.3996, 1603.4838, 1589.1704, 1628.4847, 1753.8155, 44.0043, 55.9383, 11.2397, 13.8282, 1651.9528, 1601.4975, 1551.0422, 49.0991, 389326.1000, 0.236),
        ('2025-07-02', 1616.6000, 1649.0000, 1604.0000, 1609.9000, 466445, 1611.3400, 1620.9667, 1608.5900, 1606.5050, 1611.3800, 1567.1560, 1612.5050, 1753.1925, 1607.8276, 1607.0361, 1604.2858, 1589.9834, 1628.1167, 1752.3835, 50.7508, 55.2764, 10.7602, 13.2146, 1649.3799, 1604.4300, 1559.4801, 50.5063, 410250.8000, 0.216),
        ('2025-07-03', 1610.0000, 1632.0000, 1610.0000, 1618.1500, 95119, 1612.6625, 1620.0500, 1609.2200, 1606.4700, 1612.0967, 1570.0220, 1609.6940, 1751.5315, 1611.2684, 1609.0568, 1606.0188, 1591.0879, 1627.9193, 1751.0479, 54.9142, 58.9441, 10.9200, 12.7557, 1646.5537, 1607.6200, 1568.6863, 57.7397, 406247.4500, 0.011),
        ('2025-07-04', 1628.1500, 1643.4000, 1612.4000, 1640.2000, 274445, 1615.3912, 1632.0000, 1615.5400, 1608.3050, 1614.6733, 1573.4000, 1607.1250, 1750.0110, 1620.9123, 1614.7192, 1610.2915, 1593.0139, 1628.1625, 1749.9449, 54.8741, 59.6507, 12.6797, 12.7405, 1647.3506, 1611.4275, 1575.5044, 87.9452, 404467.4500, 0.112),
        ('2025-07-07', 1640.0000, 1642.4000, 1623.0500, 1627.5000, 173344, 1617.1438, 1630.9833, 1620.7800, 1612.5850, 1614.9233, 1576.3460, 1604.2405, 1748.3998, 1623.1082, 1617.0430, 1612.4425, 1594.3663, 1628.1494, 1748.7265, 46.1678, 56.0540, 12.9009, 12.7726, 1645.9500, 1614.1750, 1582.4000, 70.5479, 398518.9500, 0.056),
        ('2025-07-08', 1628.2000, 1646.9000, 1621.1000, 1638.6500, 549019, 1619.5474, 1635.5500, 1626.8800, 1618.2950, 1614.8233, 1579.4750, 1601.5995, 1746.8298, 1628.2888, 1620.9715, 1615.7185, 1596.1029, 1628.3573, 1747.6313, 51.7323, 58.7316, 13.8165, 12.9814, 1648.6557, 1616.2950, 1583.9343, 85.8219, 405944.9000, 0.264),
        ('2025-07-09', 1638.6500, 1638.6500, 1624.0000, 1633.9000, 400089, 1620.2390, 1632.1833, 1631.6800, 1620.1350, 1614.8967, 1582.2050, 1599.1465, 1745.5375, 1630.1592, 1623.3221, 1617.9912, 1597.5852, 1628.4670, 1746.4996, 54.8336, 57.8600, 13.9976, 13.1846, 1649.1291, 1616.4550, 1583.7809, 79.3151, 404944.6000, 0.182),
        ('2025-07-10', 1637.0000, 1637.0000, 1607.5500, 1616.7500, 771970, 1620.4414, 1620.4333, 1631.4000, 1620.3100, 1614.7800, 1584.5620, 1596.5460, 1744.1505, 1625.6895, 1622.1272, 1617.8360, 1598.3367, 1628.2350, 1745.2086, 48.5269, 53.9459, 12.6118, 13.0700, 1649.3315, 1616.9225, 1584.5135, 55.8219, 434733.7500, 0.360),
        ('2025-07-11', 1579.0000, 1606.9500, 1563.2500, 1594.9000, 360567, 1619.4957, 1588.3667, 1622.3400, 1618.9400, 1612.9833, 1586.3310, 1593.8575, 1742.5945, 1615.4263, 1617.1768, 1614.9690, 1598.2019, 1627.5749, 1743.7129, 53.2319, 54.0479, 9.6393, 12.3839, 1649.7508, 1616.5900, 1583.4292, 36.9096, 447004.6500, 0.141),
        ('2025-07-14', 1589.2000, 1593.9500, 1560.0000, 1570.4500, 1462073, 1612.9885, 1574.8000, 1610.9300, 1615.8550, 1612.0333, 1587.5860, 1591.1295, 1740.9618, 1600.4342, 1608.6810, 1609.4041, 1597.1136, 1626.4437, 1741.9889, 46.9012, 51.9704, 5.2502, 10.9572, 1652.4834, 1613.9250, 1575.3666, 11.7416, 498286.6000, 0.623),
        ('2025-07-15', 1565.0000, 1603.8000, 1565.0000, 1584.8000, 896680, 1605.0658, 1584.5333, 1600.1600, 1613.5200, 1612.2500, 1589.0560, 1588.4145, 1739.3968, 1595.2228, 1604.3390, 1606.3286, 1596.6307, 1625.6191, 1740.4249, 40.3762, 55.1163, 2.8963, 9.3450, 1649.7350, 1611.1575, 1572.5800, 27.8652, 439746.4500, 0.674),
        ('2025-07-16', 1580.0000, 1612.1000, 1579.8000, 1608.6000, 60718, 1602.9638, 1600.1667, 1595.1000, 1613.3900, 1611.7900, 1591.0580, 1586.0745, 1737.9598, 1599.6819, 1605.1137, 1606.6125, 1597.1001, 1625.2821, 1739.1132, 48.2495, 56.6725, 2.9177, 8.0595, 1647.2301, 1609.9475, 1572.6649, 54.6067, 409820.7500, 0.000),
        ('2025-07-17', 1608.5500, 1609.7500, 1580.5000, 1582.7000, 159573, 1602.3331, 1590.9833, 1588.2900, 1609.8450, 1609.6367, 1592.4870, 1583.3865, 1736.3765, 1594.0212, 1601.0385, 1603.6235, 1596.5354, 1624.4389, 1737.5568, 43.5986, 53.1323, 0.8351, 6.6146, 1647.0295, 1608.1575, 1569.2855, 25.5056, 408367.9000, 0.087),
        ('2025-07-18', 1588.0500, 1599.0000, 1579.9000, 1586.5500, 369627, 1601.0607, 1588.4833, 1586.6200, 1604.4800, 1608.1667, 1594.0690, 1581.1440, 1734.7733, 1591.5308, 1598.4042, 1601.4893, 1596.1438, 1623.6886, 1736.0543, 46.2912, 52.5185, -0.4990, 5.1919, 1645.8190, 1606.3925, 1566.9660, 29.8315, 411818.5000, 0.269),
        ('2025-07-21', 1579.1500, 1589.0000, 1568.2500, 1584.6000, 120472, 1601.2040, 1580.6167, 1589.4500, 1600.1900, 1607.0533, 1593.2270, 1578.7555, 1733.3163, 1589.2206, 1595.8944, 1599.3781, 1595.6911, 1622.9146, 1734.5473, 43.9288, 51.3689, -1.6941, 3.8147, 1645.8251, 1606.3875, 1566.9499, 27.6404, 405015.9000, 0.054),
        ('2025-07-22', 1579.9500, 1585.6000, 1567.0000, 1570.1000, 571499, 1600.7262, 1574.2333, 1586.5100, 1593.3350, 1604.5167, 1593.2470, 1576.3050, 1731.6460, 1582.8470, 1591.2045, 1595.7184, 1594.6876, 1621.8687, 1732.9110, 40.3725, 46.9660, -3.7678, 2.2982, 1646.9731, 1605.8150, 1564.6569, 11.6226, 387058.2500, 0.477),
        ('2025-07-23', 1579.8000, 1592.4000, 1551.0000, 1574.4000, 239856, 1599.7973, 1572.6000, 1579.6700, 1587.3850, 1602.1500, 1592.8830, 1574.4075, 1730.0525, 1580.0314, 1588.1491, 1593.0536, 1593.8920, 1620.9288, 1731.3338, 39.2109, 42.9765, -5.0065, 0.8373, 1646.8380, 1603.7600, 1560.6820, 24.4004, 394496.4000, 0.165),
        ('2025-07-24', 1581.0000, 1581.0000, 1548.2000, 1553.5500, 380211, 1597.6098, 1560.9167, 1573.8400, 1581.0650, 1597.8433, 1591.6890, 1572.2610, 1728.2285, 1571.2042, 1581.8584, 1588.1156, 1592.3099, 1619.5945, 1729.5648, 28.5041, 43.2409, -7.5832, -0.8468, 1648.6134, 1600.6875, 1552.7616, 5.4205, 404110.6500, 0.285),
        ('2025-07-25', 1543.0000, 1549.7500, 1511.3500, 1515.6000, 463200, 1593.5159, 1525.5667, 1559.6500, 1573.1350, 1589.5367, 1590.2060, 1569.7750, 1726.1378, 1552.6695, 1569.8114, 1579.0512, 1589.3017, 1617.5352, 1727.4358, 25.3307, 40.0163, -12.5430, -3.1861, 1656.4185, 1596.0375, 1535.6565, 3.1354, 423240.8500, 0.340),
        ('2025-07-28', 1518.9500, 1519.3500, 1482.7000, 1516.1000, 287153, 1590.3640, 1506.0500, 1545.9500, 1567.7000, 1582.1100, 1589.3450, 1568.0555, 1723.9758, 1540.4797, 1560.0457, 1571.1823, 1586.4310, 1615.5266, 1725.3329, 21.6516, 36.8318, -16.2460, -5.7980, 1661.3888, 1591.7775, 1522.1662, 21.4171, 428198.8500, 0.188),
        ('2025-07-29', 1510.4500, 1517.2000, 1496.6000, 1513.8500, 341189, 1586.0826, 1509.2167, 1534.7000, 1560.6050, 1573.7900, 1588.4140, 1566.1130, 1721.7755, 1531.6031, 1551.6465, 1564.0157, 1583.5847, 1613.5132, 1723.2286, 21.9050, 33.9965, -19.1415, -8.4667, 1663.9893, 1587.0625, 1510.1357, 20.1879, 422162.4500, 0.237),
        ('2025-07-30', 1510.0500, 1521.5000, 1505.7000, 1519.0500, 159917, 1582.6940, 1515.4167, 1523.6300, 1551.6500, 1566.1333, 1587.4330, 1564.4065, 1719.7755, 1527.4187, 1545.7198, 1558.3950, 1581.0540, 1611.6427, 1721.1970, 25.7809, 35.5077, -20.7772, -10.9288, 1664.1045, 1582.5200, 1500.9355, 28.0912, 406836.0500, 0.088),
        ('2025-07-31', 1507.5500, 1526.7000, 1497.1000, 1508.6000, 827621, 1575.5847, 1510.8000, 1514.6400, 1544.2400, 1558.9233, 1586.6210, 1562.3845, 1717.6435, 1521.1458, 1538.9708, 1552.1706, 1578.2126, 1609.6022, 1719.0816, 27.3253, 35.8595, -22.6555, -13.2742, 1662.9200, 1577.0425, 1491.1650, 20.0155, 443461.1500, 0.617),
        ('2025-08-01', 1496.9500, 1498.7500, 1466.1000, 1470.6000, 150754, 1572.1405, 1478.4833, 1505.6400, 1532.6450, 1550.6367, 1584.7430, 1559.9585, 1715.2030, 1504.2972, 1526.5397, 1541.9743, 1573.9925, 1606.8497, 1716.6091, 25.5090, 32.1323, -26.9003, -15.9994, 1661.0586, 1568.5625, 1476.0664, 3.0822, 437276.6000, 0.071),
        ('2025-08-04', 1466.0000, 1482.5000, 1451.2000, 1480.3500, 144987, 1569.2940, 1471.3500, 1498.4900, 1522.2200, 1544.6300, 1582.7420, 1557.9045, 1712.8093, 1496.3148, 1518.1416, 1534.2713, 1570.3203, 1604.3448, 1714.2583, 23.7892, 36.8195, -29.1416, -18.6278, 1657.1246, 1561.2050, 1465.2854, 18.1168, 435858.7500, 0.066),
        ('2025-08-05', 1475.2000, 1479.9000, 1454.7500, 1459.7500, 491243, 1559.1654, 1464.8000, 1487.6700, 1511.1850, 1536.2933, 1580.5270, 1555.4745, 1710.5085, 1484.1265, 1507.5249, 1524.9561, 1565.9842, 1601.4815, 1711.7259, 12.0377, 35.2649, -32.2089, -21.3440, 1650.9494, 1552.2600, 1453.5706, 5.3926, 432969.9500, 0.354),
        ('2025-08-06', 1455.7000, 1455.7000, 1430.3000, 1435.7500, 96277, 1554.3027, 1440.5833, 1471.0100, 1497.3200, 1524.7700, 1577.8010, 1553.2260, 1707.8398, 1468.0010, 1494.4750, 1513.8053, 1560.8770, 1598.1997, 1708.9798, 12.1555, 27.7179, -36.1595, -24.3071, 1645.9327, 1542.3525, 1438.7723, 3.2306, 417779.3500, 0.030),
        ('2025-08-07', 1435.0000, 1442.7000, 1414.5500, 1437.6500, 195425, 1544.6584, 1431.6333, 1456.8200, 1485.7300, 1515.1000, 1574.8460, 1551.7065, 1705.6338, 1457.8840, 1484.1431, 1504.2859, 1556.0445, 1595.0205, 1706.2800, 11.2643, 28.0914, -38.6910, -27.1839, 1640.6058, 1533.3975, 1426.1892, 12.9885, 388952.1000, 0.127),
        ('2025-08-08', 1428.9500, 1433.3500, 1417.0500, 1423.6500, 317247, 1537.7009, 1424.6833, 1447.4300, 1476.5350, 1504.2400, 1572.0630, 1550.1505, 1703.4895, 1446.4727, 1473.1444, 1494.2064, 1550.8526, 1591.6270, 1703.4678, 10.5998, 27.5737, -41.3503, -30.0172, 1638.2049, 1524.8350, 1411.4651, 5.1167, 386786.1000, 0.241),
        ('2025-08-11', 1420.0000, 1433.2000, 1414.5000, 1428.0000, 130477, 1526.9397, 1425.2333, 1436.9600, 1467.7250, 1493.8000, 1569.5390, 1548.5250, 1701.3748, 1440.3151, 1464.9363, 1485.9306, 1546.0348, 1588.3869, 1700.7268, 13.3952, 28.8349, -42.6156, -32.5369, 1636.4941, 1517.7125, 1398.9309, 7.5885, 320206.3000, 0.137),
        ('2025-08-12', 1429.8000, 1441.0000, 1421.1500, 1424.1000, 704625, 1507.4888, 1428.7500, 1429.8300, 1458.7500, 1484.0667, 1567.1740, 1546.6780, 1699.1310, 1434.9101, 1457.5115, 1478.2018, 1541.2531, 1585.1337, 1697.9743, 11.2029, 27.3588, -43.4324, -34.7160, 1630.9348, 1509.6775, 1388.4202, 5.7658, 310603.5500, 1.000),
        ('2025-08-13', 1428.9500, 1434.0000, 1422.2000, 1426.0000, 317483, 1502.6883, 1427.4000, 1427.8800, 1449.4450, 1474.1733, 1564.6690, 1545.0725, 1696.9390, 1431.9401, 1451.7822, 1471.6766, 1536.7333, 1581.9825, 1695.2681, 13.5050, 27.3856, -43.4257, -36.4579, 1618.0769, 1500.5475, 1383.0181, 8.5028, 323441.8000, 0.369),
        ('2025-08-14', 1427.8500, 1470.0000, 1427.4000, 1447.4500, 215629, 1498.7310, 1448.2833, 1429.8400, 1443.3300, 1467.1000, 1562.5310, 1543.4055, 1694.9100, 1437.1100, 1450.9945, 1468.6483, 1533.2320, 1579.3185, 1692.8023, 28.4676, 29.6689, -41.2146, -37.4093, 1607.1177, 1493.7850, 1380.4523, 29.3672, 326244.6000, 0.211),
        ('2025-08-18', 1468.4500, 1468.4500, 1429.6500, 1435.6000, 86431, 1492.6659, 1444.5667, 1432.2300, 1439.8300, 1461.7667, 1559.9620, 1541.8355, 1692.7568, 1436.6067, 1448.1955, 1464.5172, 1529.4033, 1576.4726, 1690.2430, 26.2677, 25.0244, -39.9578, -37.9190, 1593.8129, 1486.2375, 1378.6621, 18.8057, 312084.8000, 0.023),
        ('2025-08-19', 1434.5000, 1449.7000, 1434.5000, 1440.0000, 564936, 1486.7496, 1441.4000, 1434.6300, 1435.7950, 1456.6933, 1557.3110, 1540.3135, 1690.7630, 1437.7378, 1446.7054, 1461.4526, 1525.8973, 1573.7702, 1687.7531, 28.5007, 26.6384, -38.1668, -37.9685, 1578.2845, 1479.0075, 1379.7305, 22.7273, 334308.0000, 0.716),
        ('2025-08-20', 1440.0000, 1499.0000, 1439.9000, 1495.8500, 353451, 1478.5554, 1478.2500, 1448.9800, 1439.4050, 1455.4933, 1555.3030, 1538.9550, 1689.2335, 1457.1085, 1455.6408, 1465.7523, 1524.7190, 1572.2272, 1685.8436, 44.7842, 33.9910, -31.8733, -36.7495, 1565.8376, 1475.2950, 1384.7524, 72.5045, 323405.6000, 0.423);